{
 "cells": [
  {
   "cell_type": "code",
   "execution_count": 1,
   "metadata": {},
   "outputs": [
    {
     "name": "stderr",
     "output_type": "stream",
     "text": [
      "<ipython-input-1-412402616f6d>:12: SettingWithCopyWarning: \n",
      "A value is trying to be set on a copy of a slice from a DataFrame.\n",
      "Try using .loc[row_indexer,col_indexer] = value instead\n",
      "\n",
      "See the caveats in the documentation: https://pandas.pydata.org/pandas-docs/stable/user_guide/indexing.html#returning-a-view-versus-a-copy\n",
      "  ct['ID'] = ct['city'].map(str) + ct['iso2'].map(str)\n"
     ]
    }
   ],
   "source": [
    "## import data manipulation packages\n",
    "import pandas as pd\n",
    "import numpy as np\n",
    "from sklearn.neighbors import DistanceMetric\n",
    "from math import radians\n",
    "\n",
    "## import dataset as variable 'city' and drop NaN\n",
    "cities = pd.read_excel('small_cities.xlsx')\n",
    "ct = cities.dropna(axis = 'rows', how = 'any')\n",
    "\n",
    "## concatenate iso2 and city to get unique id\n",
    "ct['ID'] = ct['city'].map(str) + ct['iso2'].map(str)"
   ]
  },
  {
   "cell_type": "code",
   "execution_count": 2,
   "metadata": {},
   "outputs": [],
   "source": [
    "## drop not usable columns\n",
    "ct = ct.drop(['city_ascii', 'country', 'iso2', 'admin_name', 'capital', 'id'], axis = 1)"
   ]
  },
  {
   "cell_type": "code",
   "execution_count": 3,
   "metadata": {},
   "outputs": [
    {
     "name": "stderr",
     "output_type": "stream",
     "text": [
      "<ipython-input-3-748376aaf119>:3: SettingWithCopyWarning: \n",
      "A value is trying to be set on a copy of a slice from a DataFrame.\n",
      "Try using .loc[row_indexer,col_indexer] = value instead\n",
      "\n",
      "See the caveats in the documentation: https://pandas.pydata.org/pandas-docs/stable/user_guide/indexing.html#returning-a-view-versus-a-copy\n",
      "  London_st['city']='London_st'\n",
      "<ipython-input-3-748376aaf119>:4: SettingWithCopyWarning: \n",
      "A value is trying to be set on a copy of a slice from a DataFrame.\n",
      "Try using .loc[row_indexer,col_indexer] = value instead\n",
      "\n",
      "See the caveats in the documentation: https://pandas.pydata.org/pandas-docs/stable/user_guide/indexing.html#returning-a-view-versus-a-copy\n",
      "  London_st['lng'] = London_st['lng'] + 0.2\n"
     ]
    }
   ],
   "source": [
    "#add london Start\n",
    "London_st = ct.loc[(ct['city'] == 'London') & (ct['iso3'] == 'GBR')]\n",
    "London_st['city']='London_st' \n",
    "London_st['lng'] = London_st['lng'] + 0.2\n",
    "\n"
   ]
  },
  {
   "cell_type": "code",
   "execution_count": 4,
   "metadata": {},
   "outputs": [
    {
     "data": {
      "text/html": [
       "<div>\n",
       "<style scoped>\n",
       "    .dataframe tbody tr th:only-of-type {\n",
       "        vertical-align: middle;\n",
       "    }\n",
       "\n",
       "    .dataframe tbody tr th {\n",
       "        vertical-align: top;\n",
       "    }\n",
       "\n",
       "    .dataframe thead th {\n",
       "        text-align: right;\n",
       "    }\n",
       "</style>\n",
       "<table border=\"1\" class=\"dataframe\">\n",
       "  <thead>\n",
       "    <tr style=\"text-align: right;\">\n",
       "      <th></th>\n",
       "      <th>city</th>\n",
       "      <th>lat</th>\n",
       "      <th>lng</th>\n",
       "      <th>iso3</th>\n",
       "      <th>population</th>\n",
       "      <th>ID</th>\n",
       "    </tr>\n",
       "  </thead>\n",
       "  <tbody>\n",
       "    <tr>\n",
       "      <th>0</th>\n",
       "      <td>Tokyo</td>\n",
       "      <td>35.6897</td>\n",
       "      <td>139.6922</td>\n",
       "      <td>JPN</td>\n",
       "      <td>37977000</td>\n",
       "      <td>TokyoJP</td>\n",
       "    </tr>\n",
       "    <tr>\n",
       "      <th>1</th>\n",
       "      <td>Jakarta</td>\n",
       "      <td>-6.2146</td>\n",
       "      <td>106.8451</td>\n",
       "      <td>IDN</td>\n",
       "      <td>34540000</td>\n",
       "      <td>JakartaID</td>\n",
       "    </tr>\n",
       "    <tr>\n",
       "      <th>2</th>\n",
       "      <td>Delhi</td>\n",
       "      <td>28.6600</td>\n",
       "      <td>77.2300</td>\n",
       "      <td>IND</td>\n",
       "      <td>29617000</td>\n",
       "      <td>DelhiIN</td>\n",
       "    </tr>\n",
       "    <tr>\n",
       "      <th>3</th>\n",
       "      <td>Mumbai</td>\n",
       "      <td>18.9667</td>\n",
       "      <td>72.8333</td>\n",
       "      <td>IND</td>\n",
       "      <td>23355000</td>\n",
       "      <td>MumbaiIN</td>\n",
       "    </tr>\n",
       "    <tr>\n",
       "      <th>4</th>\n",
       "      <td>Manila</td>\n",
       "      <td>14.5958</td>\n",
       "      <td>120.9772</td>\n",
       "      <td>PHL</td>\n",
       "      <td>23088000</td>\n",
       "      <td>ManilaPH</td>\n",
       "    </tr>\n",
       "    <tr>\n",
       "      <th>5</th>\n",
       "      <td>Shanghai</td>\n",
       "      <td>31.1667</td>\n",
       "      <td>121.4667</td>\n",
       "      <td>CHN</td>\n",
       "      <td>22120000</td>\n",
       "      <td>ShanghaiCN</td>\n",
       "    </tr>\n",
       "    <tr>\n",
       "      <th>6</th>\n",
       "      <td>São Paulo</td>\n",
       "      <td>-23.5504</td>\n",
       "      <td>-46.6339</td>\n",
       "      <td>BRA</td>\n",
       "      <td>22046000</td>\n",
       "      <td>São PauloBR</td>\n",
       "    </tr>\n",
       "    <tr>\n",
       "      <th>7</th>\n",
       "      <td>Seoul</td>\n",
       "      <td>37.5833</td>\n",
       "      <td>127.0000</td>\n",
       "      <td>KOR</td>\n",
       "      <td>21794000</td>\n",
       "      <td>SeoulKR</td>\n",
       "    </tr>\n",
       "    <tr>\n",
       "      <th>8</th>\n",
       "      <td>Mexico City</td>\n",
       "      <td>19.4333</td>\n",
       "      <td>-99.1333</td>\n",
       "      <td>MEX</td>\n",
       "      <td>20996000</td>\n",
       "      <td>Mexico CityMX</td>\n",
       "    </tr>\n",
       "    <tr>\n",
       "      <th>9</th>\n",
       "      <td>Guangzhou</td>\n",
       "      <td>23.1288</td>\n",
       "      <td>113.2590</td>\n",
       "      <td>CHN</td>\n",
       "      <td>20902000</td>\n",
       "      <td>GuangzhouCN</td>\n",
       "    </tr>\n",
       "    <tr>\n",
       "      <th>10</th>\n",
       "      <td>Beijing</td>\n",
       "      <td>39.9050</td>\n",
       "      <td>116.3914</td>\n",
       "      <td>CHN</td>\n",
       "      <td>19433000</td>\n",
       "      <td>BeijingCN</td>\n",
       "    </tr>\n",
       "    <tr>\n",
       "      <th>11</th>\n",
       "      <td>Cairo</td>\n",
       "      <td>30.0561</td>\n",
       "      <td>31.2394</td>\n",
       "      <td>EGY</td>\n",
       "      <td>19372000</td>\n",
       "      <td>CairoEG</td>\n",
       "    </tr>\n",
       "    <tr>\n",
       "      <th>13</th>\n",
       "      <td>Kolkāta</td>\n",
       "      <td>22.5411</td>\n",
       "      <td>88.3378</td>\n",
       "      <td>IND</td>\n",
       "      <td>17560000</td>\n",
       "      <td>KolkātaIN</td>\n",
       "    </tr>\n",
       "    <tr>\n",
       "      <th>14</th>\n",
       "      <td>Moscow</td>\n",
       "      <td>55.7558</td>\n",
       "      <td>37.6178</td>\n",
       "      <td>RUS</td>\n",
       "      <td>17125000</td>\n",
       "      <td>MoscowRU</td>\n",
       "    </tr>\n",
       "    <tr>\n",
       "      <th>15</th>\n",
       "      <td>Bangkok</td>\n",
       "      <td>13.7500</td>\n",
       "      <td>100.5167</td>\n",
       "      <td>THA</td>\n",
       "      <td>17066000</td>\n",
       "      <td>BangkokTH</td>\n",
       "    </tr>\n",
       "    <tr>\n",
       "      <th>16</th>\n",
       "      <td>Buenos Aires</td>\n",
       "      <td>-34.5997</td>\n",
       "      <td>-58.3819</td>\n",
       "      <td>ARG</td>\n",
       "      <td>16157000</td>\n",
       "      <td>Buenos AiresAR</td>\n",
       "    </tr>\n",
       "    <tr>\n",
       "      <th>17</th>\n",
       "      <td>Shenzhen</td>\n",
       "      <td>22.5350</td>\n",
       "      <td>114.0540</td>\n",
       "      <td>CHN</td>\n",
       "      <td>15929000</td>\n",
       "      <td>ShenzhenCN</td>\n",
       "    </tr>\n",
       "    <tr>\n",
       "      <th>18</th>\n",
       "      <td>Dhaka</td>\n",
       "      <td>23.7161</td>\n",
       "      <td>90.3961</td>\n",
       "      <td>BGD</td>\n",
       "      <td>15443000</td>\n",
       "      <td>DhakaBD</td>\n",
       "    </tr>\n",
       "    <tr>\n",
       "      <th>19</th>\n",
       "      <td>London</td>\n",
       "      <td>51.5072</td>\n",
       "      <td>-0.1275</td>\n",
       "      <td>GBR</td>\n",
       "      <td>10979000</td>\n",
       "      <td>LondonGB</td>\n",
       "    </tr>\n",
       "    <tr>\n",
       "      <th>19</th>\n",
       "      <td>London_st</td>\n",
       "      <td>51.5072</td>\n",
       "      <td>0.0725</td>\n",
       "      <td>GBR</td>\n",
       "      <td>10979000</td>\n",
       "      <td>LondonGB</td>\n",
       "    </tr>\n",
       "  </tbody>\n",
       "</table>\n",
       "</div>"
      ],
      "text/plain": [
       "            city      lat       lng iso3  population              ID\n",
       "0          Tokyo  35.6897  139.6922  JPN    37977000         TokyoJP\n",
       "1        Jakarta  -6.2146  106.8451  IDN    34540000       JakartaID\n",
       "2          Delhi  28.6600   77.2300  IND    29617000         DelhiIN\n",
       "3         Mumbai  18.9667   72.8333  IND    23355000        MumbaiIN\n",
       "4         Manila  14.5958  120.9772  PHL    23088000        ManilaPH\n",
       "5       Shanghai  31.1667  121.4667  CHN    22120000      ShanghaiCN\n",
       "6      São Paulo -23.5504  -46.6339  BRA    22046000     São PauloBR\n",
       "7          Seoul  37.5833  127.0000  KOR    21794000         SeoulKR\n",
       "8    Mexico City  19.4333  -99.1333  MEX    20996000   Mexico CityMX\n",
       "9      Guangzhou  23.1288  113.2590  CHN    20902000     GuangzhouCN\n",
       "10       Beijing  39.9050  116.3914  CHN    19433000       BeijingCN\n",
       "11         Cairo  30.0561   31.2394  EGY    19372000         CairoEG\n",
       "13       Kolkāta  22.5411   88.3378  IND    17560000       KolkātaIN\n",
       "14        Moscow  55.7558   37.6178  RUS    17125000        MoscowRU\n",
       "15       Bangkok  13.7500  100.5167  THA    17066000       BangkokTH\n",
       "16  Buenos Aires -34.5997  -58.3819  ARG    16157000  Buenos AiresAR\n",
       "17      Shenzhen  22.5350  114.0540  CHN    15929000      ShenzhenCN\n",
       "18         Dhaka  23.7161   90.3961  BGD    15443000         DhakaBD\n",
       "19        London  51.5072   -0.1275  GBR    10979000        LondonGB\n",
       "19     London_st  51.5072    0.0725  GBR    10979000        LondonGB"
      ]
     },
     "execution_count": 4,
     "metadata": {},
     "output_type": "execute_result"
    }
   ],
   "source": [
    "ct.append(London_st)"
   ]
  },
  {
   "cell_type": "code",
   "execution_count": 5,
   "metadata": {
    "scrolled": true
   },
   "outputs": [],
   "source": [
    "#population\n",
    "pop = np.where(ct['population']< 200000 , 0 , 2 )\n",
    "#same state \n",
    "zero_data = np.ones(shape=(len(ct),len(ct)))\n",
    "st = pd.DataFrame(zero_data , columns = ct['iso3'], index = ct['iso3'])\n",
    "for i in ct['iso3']:\n",
    "    st.loc[ i , i ] = 0   \n",
    "st = st * 2"
   ]
  },
  {
   "cell_type": "code",
   "execution_count": 6,
   "metadata": {},
   "outputs": [],
   "source": [
    "#direction\n",
    "dr_x = np.where(ct['lat']>= 0 , ct['lat'] , (ct['lat'] + 150) + 150 )\n",
    "dr_y =np.where(ct['lat']>= 0 , ct['lat'] , (ct['lat'] + 150) + 150 )\n",
    "drdf = pd.DataFrame(zero_data , columns = dr_x, index = dr_y)\n",
    "for i in dr_x:\n",
    "    for e in dr_y: \n",
    "        drdf.loc[i , e] = np.where( i >= e , 0 , 1 ) "
   ]
  },
  {
   "cell_type": "code",
   "execution_count": 7,
   "metadata": {},
   "outputs": [],
   "source": [
    "#metto i giusti indici alle matrici \n",
    "direction = pd.DataFrame( drdf.to_numpy() , columns = ct['ID'], index = ct['ID'])\n",
    "same_state = pd.DataFrame( st.to_numpy() , columns = ct['ID'], index = ct['ID'])\n",
    "popolation = pd.DataFrame( pop , index = ct['ID'])\n",
    "\n",
    "\n",
    "\n"
   ]
  },
  {
   "cell_type": "code",
   "execution_count": 8,
   "metadata": {},
   "outputs": [],
   "source": [
    "## coversion of coordinated in degrees to radians\n",
    "ct['lat'] = np.radians(ct['lat'])\n",
    "ct['lng'] = np.radians(ct['lng'])"
   ]
  },
  {
   "cell_type": "code",
   "execution_count": 9,
   "metadata": {},
   "outputs": [],
   "source": [
    "## get the scipy metrics\n",
    "dist = DistanceMetric.get_metric('haversine')\n"
   ]
  },
  {
   "cell_type": "code",
   "execution_count": 10,
   "metadata": {},
   "outputs": [
    {
     "data": {
      "text/plain": [
       "array([[ 6.22902774e-01,  2.43808883e+00],\n",
       "       [-1.08465232e-01,  1.86479878e+00],\n",
       "       [ 5.00211364e-01,  1.34791778e+00],\n",
       "       [ 3.31031363e-01,  1.27118089e+00],\n",
       "       [ 2.54744767e-01,  2.11145046e+00],\n",
       "       [ 5.43961532e-01,  2.11999385e+00],\n",
       "       [-4.11032020e-01, -8.13915098e-01],\n",
       "       [ 6.55952329e-01,  2.21656815e+00],\n",
       "       [ 3.39175070e-01, -1.73020248e+00],\n",
       "       [ 4.03673712e-01,  1.97674246e+00],\n",
       "       [ 6.96473638e-01,  2.03141315e+00],\n",
       "       [ 5.24577905e-01,  5.45230386e-01],\n",
       "       [ 3.93416412e-01,  1.54178546e+00],\n",
       "       [ 9.73122287e-01,  6.56554467e-01],\n",
       "       [ 2.39982772e-01,  1.75434737e+00],\n",
       "       [-6.03878685e-01, -1.01895638e+00],\n",
       "       [ 3.93309947e-01,  1.99061783e+00],\n",
       "       [ 4.13924031e-01,  1.57770958e+00],\n",
       "       [ 8.98970228e-01, -2.22529480e-03]])"
      ]
     },
     "execution_count": 10,
     "metadata": {},
     "output_type": "execute_result"
    }
   ],
   "source": [
    "## prepare the array to get in input for the distance calculation\n",
    "ct[['lat','lng']].to_numpy()"
   ]
  },
  {
   "cell_type": "code",
   "execution_count": 11,
   "metadata": {},
   "outputs": [
    {
     "data": {
      "text/plain": [
       "array([[    0.        ,  5787.90376514,  5835.24850156,  6736.36809942,\n",
       "         2997.19433953,  1762.02238898, 18539.98524556,  1151.30788725,\n",
       "        11309.38036426,  2903.80048079,  2094.45550534,  9566.23329973,\n",
       "         5139.14281822,  7480.57051994,  4603.65727549, 18375.34461103,\n",
       "         2875.85310361,  4891.88600698,  9561.72022915],\n",
       "       [ 5787.90376514,     0.        ,  5011.26756513,  4662.28762191,\n",
       "         2790.71769102,  4439.07372657, 15633.27081416,  5301.08499752,\n",
       "        16850.82224408,  3337.52354223,  5222.60346539,  8988.64386526,\n",
       "         3780.03420361,  9315.18347434,  2328.00380897, 15223.81716474,\n",
       "         3292.7014063 ,  3777.92977517, 11722.2778931 ],\n",
       "       [ 5835.24850156,  5011.26756513,     0.        ,  1166.99745941,\n",
       "         4755.33798859,  4245.89964831, 14435.54333137,  4686.01564302,\n",
       "        14657.70559863,  3643.36138692,  3775.41614973,  4430.87846438,\n",
       "         1304.60654576,  4340.81998221,  2919.41239224, 15799.73412347,\n",
       "         3741.19868618,  1423.38249482,  6711.10194356],\n",
       "       [ 6736.36809942,  4662.28762191,  1166.99745941,     0.        ,\n",
       "         5135.01293256,  5042.31711631, 13770.5323263 ,  5609.66494485,\n",
       "        15661.132639  ,  4209.00139376,  4755.95358218,  4360.17509745,\n",
       "         1659.97637422,  5038.1945334 ,  3007.4556289 , 14929.75443262,\n",
       "         4292.78016968,  1893.04386259,  7200.01131315],\n",
       "       [ 2997.19433953,  2790.71769102,  4755.33798859,  5135.01293256,\n",
       "            0.        ,  1843.85359172, 18383.44402509,  2625.11530235,\n",
       "        14224.91317347,  1248.62455024,  2850.35976586,  9179.5484552 ,\n",
       "         3544.83216108,  8259.82951475,  2207.8150196 , 17795.41129933,\n",
       "         1145.20932824,  3361.05731028, 10738.33965633],\n",
       "       [ 1762.02238898,  4439.07372657,  4245.89964831,  5042.31711631,\n",
       "         1843.85359172,     0.        , 18574.02400232,   875.62892804,\n",
       "        12917.63879902,  1207.10230746,  1074.54888685,  8359.07920146,\n",
       "         3410.14568718,  6824.31571663,  2885.94371206, 19639.25635193,\n",
       "         1208.70377809,  3165.41872994,  9205.25753129],\n",
       "       [18539.98524556, 15633.27081416, 14435.54333137, 13770.5323263 ,\n",
       "        18383.44402509, 18574.02400232,     0.        , 18346.80813703,\n",
       "         7434.35645385, 17969.01025794, 17603.69309688, 10223.80205662,\n",
       "        15430.46619504, 11810.17466087, 16402.05619491,  1675.07494205,\n",
       "        18042.93724359, 15659.93168961,  9500.39761921],\n",
       "       [ 1151.30788725,  5301.08499752,  4686.01564302,  5609.66494485,\n",
       "         2625.11530235,   875.62892804, 18346.80813703,     0.        ,\n",
       "        12052.65972318,  2074.46507909,   955.20344511,  8488.21458062,\n",
       "         4044.10185995,  6607.41885852,  3725.45776262, 19434.90627458,\n",
       "         2082.1470471 ,  3796.35059573,  8859.50222519],\n",
       "       [11309.38036426, 16850.82224408, 14657.70559863, 15661.132639  ,\n",
       "        14224.91317347, 12917.63879902,  7434.35645385, 12052.65972318,\n",
       "            0.        , 14124.49866221, 12462.62385609, 12371.8641446 ,\n",
       "        15282.5314792 , 10722.71197547, 15748.97823057,  7394.22031546,\n",
       "        14123.18281924, 15111.85441306,  8931.50563102],\n",
       "       [ 2903.80048079,  3337.52354223,  3643.36138692,  4209.00139376,\n",
       "         1248.62455024,  1207.10230746, 17969.01025794,  2074.46507909,\n",
       "        14124.49866221,     0.        ,  1889.14677135,  8020.45007798,\n",
       "         2552.46999685,  7014.26949385,  1699.98871468, 18509.26678298,\n",
       "          104.9017688 ,  2331.90811367,  9498.76879929],\n",
       "       [ 2094.45550534,  5222.60346539,  3775.41614973,  4755.95358218,\n",
       "         2850.35976586,  1074.54888685, 17603.69309688,   955.20344511,\n",
       "        12462.62385609,  1889.14677135,     0.        ,  7544.31231152,\n",
       "         3270.53351669,  5794.57072419,  3296.3687697 , 19271.77378402,\n",
       "         1944.60715043,  3027.16628792,  8142.74682632],\n",
       "       [ 9566.23329973,  8988.64386526,  4430.87846438,  4360.17509745,\n",
       "         9179.5484552 ,  8359.07920146, 10223.80205662,  8488.21458062,\n",
       "        12371.8641446 ,  8020.45007798,  7544.31231152,     0.        ,\n",
       "         5697.96425685,  2902.5657746 ,  7272.66148478, 11817.26088461,\n",
       "         8122.6276951 ,  5847.91708932,  3511.5828201 ],\n",
       "       [ 5139.14281822,  3780.03420361,  1304.60654576,  1659.97637422,\n",
       "         3544.83216108,  3410.14568718, 15430.46619504,  4044.10185995,\n",
       "        15282.5314792 ,  2552.46999685,  3270.53351669,  5697.96425685,\n",
       "            0.        ,  5535.22291618,  1615.03960046, 16525.0704068 ,\n",
       "         2638.63188904,   247.80324619,  7965.48664806],\n",
       "       [ 7480.57051994,  9315.18347434,  4340.81998221,  5038.1945334 ,\n",
       "         8259.82951475,  6824.31571663, 11810.17466087,  6607.41885852,\n",
       "        10722.71197547,  7014.26949385,  5794.57072419,  2902.5657746 ,\n",
       "         5535.22291618,     0.        ,  7068.13323202, 13479.49543299,\n",
       "         7116.32371938,  5550.34987962,  2501.34313449],\n",
       "       [ 4603.65727549,  2328.00380897,  2919.41239224,  3007.4556289 ,\n",
       "         2207.8150196 ,  2885.94371206, 16402.05619491,  3725.45776262,\n",
       "        15748.97823057,  1699.98871468,  3296.3687697 ,  7272.66148478,\n",
       "         1615.03960046,  7068.13323202,     0.        , 16879.29591427,\n",
       "         1730.90836152,  1536.6164078 ,  9536.33835408],\n",
       "       [18375.34461103, 15223.81716474, 15799.73412347, 14929.75443262,\n",
       "        17795.41129933, 19639.25635193,  1675.07494205, 19434.90627458,\n",
       "         7394.22031546, 18509.26678298, 19271.77378402, 11817.26088461,\n",
       "        16525.0704068 , 13479.49543299, 16879.29591427,     0.        ,\n",
       "        18490.73371523, 16772.67090957, 11130.92764075],\n",
       "       [ 2875.85310361,  3292.7014063 ,  3741.19868618,  4292.78016968,\n",
       "         1145.20932824,  1208.70377809, 18042.93724359,  2082.1470471 ,\n",
       "        14123.18281924,   104.9017688 ,  1944.60715043,  8122.6276951 ,\n",
       "         2638.63188904,  7116.32371938,  1730.90836152, 18490.73371523,\n",
       "            0.        ,  2420.82782505,  9599.52868017],\n",
       "       [ 4891.88600698,  3777.92977517,  1423.38249482,  1893.04386259,\n",
       "         3361.05731028,  3165.41872994, 15659.93168961,  3796.35059573,\n",
       "        15111.85441306,  2331.90811367,  3027.16628792,  5847.91708932,\n",
       "          247.80324619,  5550.34987962,  1536.6164078 , 16772.67090957,\n",
       "         2420.82782505,     0.        ,  8004.68870342],\n",
       "       [ 9561.72022915, 11722.2778931 ,  6711.10194356,  7200.01131315,\n",
       "        10738.33965633,  9205.25753129,  9500.39761921,  8859.50222519,\n",
       "         8931.50563102,  9498.76879929,  8142.74682632,  3511.5828201 ,\n",
       "         7965.48664806,  2501.34313449,  9536.33835408, 11130.92764075,\n",
       "         9599.52868017,  8004.68870342,     0.        ]])"
      ]
     },
     "execution_count": 11,
     "metadata": {},
     "output_type": "execute_result"
    }
   ],
   "source": [
    "## pass pairwise function to get the distance / multiply for 6373 as earth sperical radius is 6373kms\n",
    "\n",
    "dist.pairwise(ct [['lat','lng']].to_numpy())*6373"
   ]
  },
  {
   "cell_type": "code",
   "execution_count": 36,
   "metadata": {
    "scrolled": false
   },
   "outputs": [],
   "source": [
    "## create the distance matrix with cities in the indexes\n",
    "distance = pd.DataFrame(dist.pairwise(ct[['lat','lng']].to_numpy())*6373, columns = ct['ID'], index = ct['ID'])\n"
   ]
  },
  {
   "cell_type": "code",
   "execution_count": 37,
   "metadata": {},
   "outputs": [
    {
     "data": {
      "text/html": [
       "<div>\n",
       "<style scoped>\n",
       "    .dataframe tbody tr th:only-of-type {\n",
       "        vertical-align: middle;\n",
       "    }\n",
       "\n",
       "    .dataframe tbody tr th {\n",
       "        vertical-align: top;\n",
       "    }\n",
       "\n",
       "    .dataframe thead th {\n",
       "        text-align: right;\n",
       "    }\n",
       "</style>\n",
       "<table border=\"1\" class=\"dataframe\">\n",
       "  <thead>\n",
       "    <tr style=\"text-align: right;\">\n",
       "      <th></th>\n",
       "      <th>city</th>\n",
       "      <th>lat</th>\n",
       "      <th>lng</th>\n",
       "      <th>iso3</th>\n",
       "      <th>population</th>\n",
       "      <th>ID</th>\n",
       "    </tr>\n",
       "  </thead>\n",
       "  <tbody>\n",
       "    <tr>\n",
       "      <th>19</th>\n",
       "      <td>London</td>\n",
       "      <td>0.89897</td>\n",
       "      <td>-0.002225</td>\n",
       "      <td>GBR</td>\n",
       "      <td>10979000</td>\n",
       "      <td>LondonGB</td>\n",
       "    </tr>\n",
       "  </tbody>\n",
       "</table>\n",
       "</div>"
      ],
      "text/plain": [
       "      city      lat       lng iso3  population        ID\n",
       "19  London  0.89897 -0.002225  GBR    10979000  LondonGB"
      ]
     },
     "execution_count": 37,
     "metadata": {},
     "output_type": "execute_result"
    }
   ],
   "source": [
    "## identify 'London' ID \n",
    "ct.loc[(ct['city'] == 'London') & (ct['iso3'] == 'GBR')]"
   ]
  },
  {
   "cell_type": "code",
   "execution_count": 38,
   "metadata": {},
   "outputs": [],
   "source": [
    "## get starting line from distance matrix\n",
    "distance.loc[['LondonGB']]\n",
    "from pandas import DataFrame\n"
   ]
  },
  {
   "cell_type": "code",
   "execution_count": 39,
   "metadata": {},
   "outputs": [],
   "source": [
    "#create the graph \n",
    "graph = pd.DataFrame( np.zeros(shape=(len(ct),len(ct))) , columns = ct['ID'], index = ct['ID'])\n",
    "\n",
    "for i in distance :\n",
    "    graph[i] = distance[i]*direction[i]"
   ]
  },
  {
   "cell_type": "code",
   "execution_count": 40,
   "metadata": {},
   "outputs": [],
   "source": [
    "## popolare per criteri (più vicino +2, secondo più vicino +4, terzo più vicino +8, il resto 'no go')\n",
    "dis = graph.replace(0, 0)\n",
    "dis = dis.replace(dis.apply(lambda x: x[x > 0].min(axis=0)), 2)\n",
    "dis = dis.replace(dis.apply(lambda x: x[x > 2].min(axis=0)), 4)\n",
    "dis = dis.replace(dis.apply(lambda x: x[x > 4].min(axis=0)), 8)\n",
    "#dis = dis.replace(dis.apply(lambda x: x[x > 8]), 'no go')"
   ]
  },
  {
   "cell_type": "code",
   "execution_count": 41,
   "metadata": {},
   "outputs": [
    {
     "data": {
      "text/html": [
       "<div>\n",
       "<style scoped>\n",
       "    .dataframe tbody tr th:only-of-type {\n",
       "        vertical-align: middle;\n",
       "    }\n",
       "\n",
       "    .dataframe tbody tr th {\n",
       "        vertical-align: top;\n",
       "    }\n",
       "\n",
       "    .dataframe thead th {\n",
       "        text-align: right;\n",
       "    }\n",
       "</style>\n",
       "<table border=\"1\" class=\"dataframe\">\n",
       "  <thead>\n",
       "    <tr style=\"text-align: right;\">\n",
       "      <th>ID</th>\n",
       "      <th>TokyoJP</th>\n",
       "      <th>JakartaID</th>\n",
       "      <th>DelhiIN</th>\n",
       "      <th>MumbaiIN</th>\n",
       "      <th>ManilaPH</th>\n",
       "      <th>ShanghaiCN</th>\n",
       "      <th>São PauloBR</th>\n",
       "      <th>SeoulKR</th>\n",
       "      <th>Mexico CityMX</th>\n",
       "      <th>GuangzhouCN</th>\n",
       "      <th>BeijingCN</th>\n",
       "      <th>CairoEG</th>\n",
       "      <th>KolkātaIN</th>\n",
       "      <th>MoscowRU</th>\n",
       "      <th>BangkokTH</th>\n",
       "      <th>Buenos AiresAR</th>\n",
       "      <th>ShenzhenCN</th>\n",
       "      <th>DhakaBD</th>\n",
       "      <th>LondonGB</th>\n",
       "    </tr>\n",
       "    <tr>\n",
       "      <th>ID</th>\n",
       "      <th></th>\n",
       "      <th></th>\n",
       "      <th></th>\n",
       "      <th></th>\n",
       "      <th></th>\n",
       "      <th></th>\n",
       "      <th></th>\n",
       "      <th></th>\n",
       "      <th></th>\n",
       "      <th></th>\n",
       "      <th></th>\n",
       "      <th></th>\n",
       "      <th></th>\n",
       "      <th></th>\n",
       "      <th></th>\n",
       "      <th></th>\n",
       "      <th></th>\n",
       "      <th></th>\n",
       "      <th></th>\n",
       "    </tr>\n",
       "  </thead>\n",
       "  <tbody>\n",
       "    <tr>\n",
       "      <th>TokyoJP</th>\n",
       "      <td>0.0</td>\n",
       "      <td>0.0</td>\n",
       "      <td>0.0</td>\n",
       "      <td>0.0</td>\n",
       "      <td>0.0</td>\n",
       "      <td>0.0</td>\n",
       "      <td>0.0</td>\n",
       "      <td>4.0</td>\n",
       "      <td>0.0</td>\n",
       "      <td>0.0</td>\n",
       "      <td>0.0</td>\n",
       "      <td>0.0</td>\n",
       "      <td>0.0</td>\n",
       "      <td>0.0</td>\n",
       "      <td>0.0</td>\n",
       "      <td>0.0</td>\n",
       "      <td>0.0</td>\n",
       "      <td>0.0</td>\n",
       "      <td>0.0</td>\n",
       "    </tr>\n",
       "    <tr>\n",
       "      <th>JakartaID</th>\n",
       "      <td>0.0</td>\n",
       "      <td>0.0</td>\n",
       "      <td>0.0</td>\n",
       "      <td>0.0</td>\n",
       "      <td>0.0</td>\n",
       "      <td>0.0</td>\n",
       "      <td>0.0</td>\n",
       "      <td>0.0</td>\n",
       "      <td>0.0</td>\n",
       "      <td>0.0</td>\n",
       "      <td>0.0</td>\n",
       "      <td>0.0</td>\n",
       "      <td>0.0</td>\n",
       "      <td>0.0</td>\n",
       "      <td>0.0</td>\n",
       "      <td>0.0</td>\n",
       "      <td>0.0</td>\n",
       "      <td>0.0</td>\n",
       "      <td>0.0</td>\n",
       "    </tr>\n",
       "    <tr>\n",
       "      <th>DelhiIN</th>\n",
       "      <td>0.0</td>\n",
       "      <td>0.0</td>\n",
       "      <td>0.0</td>\n",
       "      <td>0.0</td>\n",
       "      <td>0.0</td>\n",
       "      <td>0.0</td>\n",
       "      <td>0.0</td>\n",
       "      <td>0.0</td>\n",
       "      <td>0.0</td>\n",
       "      <td>0.0</td>\n",
       "      <td>0.0</td>\n",
       "      <td>4.0</td>\n",
       "      <td>0.0</td>\n",
       "      <td>8.0</td>\n",
       "      <td>0.0</td>\n",
       "      <td>0.0</td>\n",
       "      <td>0.0</td>\n",
       "      <td>0.0</td>\n",
       "      <td>4.0</td>\n",
       "    </tr>\n",
       "    <tr>\n",
       "      <th>MumbaiIN</th>\n",
       "      <td>0.0</td>\n",
       "      <td>0.0</td>\n",
       "      <td>2.0</td>\n",
       "      <td>0.0</td>\n",
       "      <td>0.0</td>\n",
       "      <td>0.0</td>\n",
       "      <td>0.0</td>\n",
       "      <td>0.0</td>\n",
       "      <td>4.0</td>\n",
       "      <td>0.0</td>\n",
       "      <td>0.0</td>\n",
       "      <td>2.0</td>\n",
       "      <td>4.0</td>\n",
       "      <td>0.0</td>\n",
       "      <td>0.0</td>\n",
       "      <td>0.0</td>\n",
       "      <td>8.0</td>\n",
       "      <td>8.0</td>\n",
       "      <td>8.0</td>\n",
       "    </tr>\n",
       "    <tr>\n",
       "      <th>ManilaPH</th>\n",
       "      <td>0.0</td>\n",
       "      <td>4.0</td>\n",
       "      <td>0.0</td>\n",
       "      <td>4.0</td>\n",
       "      <td>0.0</td>\n",
       "      <td>8.0</td>\n",
       "      <td>0.0</td>\n",
       "      <td>0.0</td>\n",
       "      <td>2.0</td>\n",
       "      <td>4.0</td>\n",
       "      <td>0.0</td>\n",
       "      <td>0.0</td>\n",
       "      <td>0.0</td>\n",
       "      <td>0.0</td>\n",
       "      <td>0.0</td>\n",
       "      <td>0.0</td>\n",
       "      <td>2.0</td>\n",
       "      <td>0.0</td>\n",
       "      <td>0.0</td>\n",
       "    </tr>\n",
       "    <tr>\n",
       "      <th>ShanghaiCN</th>\n",
       "      <td>2.0</td>\n",
       "      <td>0.0</td>\n",
       "      <td>0.0</td>\n",
       "      <td>0.0</td>\n",
       "      <td>0.0</td>\n",
       "      <td>0.0</td>\n",
       "      <td>0.0</td>\n",
       "      <td>2.0</td>\n",
       "      <td>0.0</td>\n",
       "      <td>0.0</td>\n",
       "      <td>4.0</td>\n",
       "      <td>0.0</td>\n",
       "      <td>0.0</td>\n",
       "      <td>0.0</td>\n",
       "      <td>0.0</td>\n",
       "      <td>0.0</td>\n",
       "      <td>0.0</td>\n",
       "      <td>0.0</td>\n",
       "      <td>0.0</td>\n",
       "    </tr>\n",
       "    <tr>\n",
       "      <th>São PauloBR</th>\n",
       "      <td>0.0</td>\n",
       "      <td>0.0</td>\n",
       "      <td>0.0</td>\n",
       "      <td>0.0</td>\n",
       "      <td>0.0</td>\n",
       "      <td>0.0</td>\n",
       "      <td>0.0</td>\n",
       "      <td>0.0</td>\n",
       "      <td>0.0</td>\n",
       "      <td>0.0</td>\n",
       "      <td>0.0</td>\n",
       "      <td>0.0</td>\n",
       "      <td>0.0</td>\n",
       "      <td>0.0</td>\n",
       "      <td>0.0</td>\n",
       "      <td>0.0</td>\n",
       "      <td>0.0</td>\n",
       "      <td>0.0</td>\n",
       "      <td>0.0</td>\n",
       "    </tr>\n",
       "    <tr>\n",
       "      <th>SeoulKR</th>\n",
       "      <td>0.0</td>\n",
       "      <td>0.0</td>\n",
       "      <td>0.0</td>\n",
       "      <td>0.0</td>\n",
       "      <td>0.0</td>\n",
       "      <td>0.0</td>\n",
       "      <td>0.0</td>\n",
       "      <td>0.0</td>\n",
       "      <td>0.0</td>\n",
       "      <td>0.0</td>\n",
       "      <td>2.0</td>\n",
       "      <td>0.0</td>\n",
       "      <td>0.0</td>\n",
       "      <td>0.0</td>\n",
       "      <td>0.0</td>\n",
       "      <td>0.0</td>\n",
       "      <td>0.0</td>\n",
       "      <td>0.0</td>\n",
       "      <td>0.0</td>\n",
       "    </tr>\n",
       "    <tr>\n",
       "      <th>Mexico CityMX</th>\n",
       "      <td>0.0</td>\n",
       "      <td>0.0</td>\n",
       "      <td>0.0</td>\n",
       "      <td>0.0</td>\n",
       "      <td>0.0</td>\n",
       "      <td>0.0</td>\n",
       "      <td>4.0</td>\n",
       "      <td>0.0</td>\n",
       "      <td>0.0</td>\n",
       "      <td>0.0</td>\n",
       "      <td>0.0</td>\n",
       "      <td>0.0</td>\n",
       "      <td>0.0</td>\n",
       "      <td>0.0</td>\n",
       "      <td>0.0</td>\n",
       "      <td>2.0</td>\n",
       "      <td>0.0</td>\n",
       "      <td>0.0</td>\n",
       "      <td>0.0</td>\n",
       "    </tr>\n",
       "    <tr>\n",
       "      <th>GuangzhouCN</th>\n",
       "      <td>8.0</td>\n",
       "      <td>0.0</td>\n",
       "      <td>0.0</td>\n",
       "      <td>0.0</td>\n",
       "      <td>0.0</td>\n",
       "      <td>2.0</td>\n",
       "      <td>0.0</td>\n",
       "      <td>8.0</td>\n",
       "      <td>0.0</td>\n",
       "      <td>0.0</td>\n",
       "      <td>8.0</td>\n",
       "      <td>0.0</td>\n",
       "      <td>0.0</td>\n",
       "      <td>0.0</td>\n",
       "      <td>0.0</td>\n",
       "      <td>0.0</td>\n",
       "      <td>0.0</td>\n",
       "      <td>0.0</td>\n",
       "      <td>0.0</td>\n",
       "    </tr>\n",
       "    <tr>\n",
       "      <th>BeijingCN</th>\n",
       "      <td>0.0</td>\n",
       "      <td>0.0</td>\n",
       "      <td>0.0</td>\n",
       "      <td>0.0</td>\n",
       "      <td>0.0</td>\n",
       "      <td>0.0</td>\n",
       "      <td>0.0</td>\n",
       "      <td>0.0</td>\n",
       "      <td>0.0</td>\n",
       "      <td>0.0</td>\n",
       "      <td>0.0</td>\n",
       "      <td>0.0</td>\n",
       "      <td>0.0</td>\n",
       "      <td>0.0</td>\n",
       "      <td>0.0</td>\n",
       "      <td>0.0</td>\n",
       "      <td>0.0</td>\n",
       "      <td>0.0</td>\n",
       "      <td>0.0</td>\n",
       "    </tr>\n",
       "    <tr>\n",
       "      <th>CairoEG</th>\n",
       "      <td>0.0</td>\n",
       "      <td>0.0</td>\n",
       "      <td>0.0</td>\n",
       "      <td>0.0</td>\n",
       "      <td>0.0</td>\n",
       "      <td>0.0</td>\n",
       "      <td>0.0</td>\n",
       "      <td>0.0</td>\n",
       "      <td>0.0</td>\n",
       "      <td>0.0</td>\n",
       "      <td>0.0</td>\n",
       "      <td>0.0</td>\n",
       "      <td>0.0</td>\n",
       "      <td>4.0</td>\n",
       "      <td>0.0</td>\n",
       "      <td>8.0</td>\n",
       "      <td>0.0</td>\n",
       "      <td>0.0</td>\n",
       "      <td>2.0</td>\n",
       "    </tr>\n",
       "    <tr>\n",
       "      <th>KolkātaIN</th>\n",
       "      <td>0.0</td>\n",
       "      <td>0.0</td>\n",
       "      <td>4.0</td>\n",
       "      <td>0.0</td>\n",
       "      <td>0.0</td>\n",
       "      <td>0.0</td>\n",
       "      <td>0.0</td>\n",
       "      <td>0.0</td>\n",
       "      <td>0.0</td>\n",
       "      <td>0.0</td>\n",
       "      <td>0.0</td>\n",
       "      <td>8.0</td>\n",
       "      <td>0.0</td>\n",
       "      <td>0.0</td>\n",
       "      <td>0.0</td>\n",
       "      <td>0.0</td>\n",
       "      <td>0.0</td>\n",
       "      <td>2.0</td>\n",
       "      <td>0.0</td>\n",
       "    </tr>\n",
       "    <tr>\n",
       "      <th>MoscowRU</th>\n",
       "      <td>0.0</td>\n",
       "      <td>0.0</td>\n",
       "      <td>0.0</td>\n",
       "      <td>0.0</td>\n",
       "      <td>0.0</td>\n",
       "      <td>0.0</td>\n",
       "      <td>0.0</td>\n",
       "      <td>0.0</td>\n",
       "      <td>0.0</td>\n",
       "      <td>0.0</td>\n",
       "      <td>0.0</td>\n",
       "      <td>0.0</td>\n",
       "      <td>0.0</td>\n",
       "      <td>0.0</td>\n",
       "      <td>0.0</td>\n",
       "      <td>0.0</td>\n",
       "      <td>0.0</td>\n",
       "      <td>0.0</td>\n",
       "      <td>0.0</td>\n",
       "    </tr>\n",
       "    <tr>\n",
       "      <th>BangkokTH</th>\n",
       "      <td>0.0</td>\n",
       "      <td>2.0</td>\n",
       "      <td>0.0</td>\n",
       "      <td>2.0</td>\n",
       "      <td>2.0</td>\n",
       "      <td>0.0</td>\n",
       "      <td>0.0</td>\n",
       "      <td>0.0</td>\n",
       "      <td>8.0</td>\n",
       "      <td>8.0</td>\n",
       "      <td>0.0</td>\n",
       "      <td>0.0</td>\n",
       "      <td>2.0</td>\n",
       "      <td>0.0</td>\n",
       "      <td>0.0</td>\n",
       "      <td>0.0</td>\n",
       "      <td>4.0</td>\n",
       "      <td>4.0</td>\n",
       "      <td>0.0</td>\n",
       "    </tr>\n",
       "    <tr>\n",
       "      <th>Buenos AiresAR</th>\n",
       "      <td>0.0</td>\n",
       "      <td>0.0</td>\n",
       "      <td>0.0</td>\n",
       "      <td>0.0</td>\n",
       "      <td>0.0</td>\n",
       "      <td>0.0</td>\n",
       "      <td>2.0</td>\n",
       "      <td>0.0</td>\n",
       "      <td>0.0</td>\n",
       "      <td>0.0</td>\n",
       "      <td>0.0</td>\n",
       "      <td>0.0</td>\n",
       "      <td>0.0</td>\n",
       "      <td>0.0</td>\n",
       "      <td>0.0</td>\n",
       "      <td>0.0</td>\n",
       "      <td>0.0</td>\n",
       "      <td>0.0</td>\n",
       "      <td>0.0</td>\n",
       "    </tr>\n",
       "    <tr>\n",
       "      <th>ShenzhenCN</th>\n",
       "      <td>4.0</td>\n",
       "      <td>8.0</td>\n",
       "      <td>0.0</td>\n",
       "      <td>0.0</td>\n",
       "      <td>0.0</td>\n",
       "      <td>4.0</td>\n",
       "      <td>0.0</td>\n",
       "      <td>0.0</td>\n",
       "      <td>0.0</td>\n",
       "      <td>2.0</td>\n",
       "      <td>0.0</td>\n",
       "      <td>0.0</td>\n",
       "      <td>8.0</td>\n",
       "      <td>0.0</td>\n",
       "      <td>0.0</td>\n",
       "      <td>0.0</td>\n",
       "      <td>0.0</td>\n",
       "      <td>0.0</td>\n",
       "      <td>0.0</td>\n",
       "    </tr>\n",
       "    <tr>\n",
       "      <th>DhakaBD</th>\n",
       "      <td>0.0</td>\n",
       "      <td>0.0</td>\n",
       "      <td>8.0</td>\n",
       "      <td>0.0</td>\n",
       "      <td>0.0</td>\n",
       "      <td>0.0</td>\n",
       "      <td>0.0</td>\n",
       "      <td>0.0</td>\n",
       "      <td>0.0</td>\n",
       "      <td>0.0</td>\n",
       "      <td>0.0</td>\n",
       "      <td>0.0</td>\n",
       "      <td>0.0</td>\n",
       "      <td>0.0</td>\n",
       "      <td>0.0</td>\n",
       "      <td>0.0</td>\n",
       "      <td>0.0</td>\n",
       "      <td>0.0</td>\n",
       "      <td>0.0</td>\n",
       "    </tr>\n",
       "    <tr>\n",
       "      <th>LondonGB</th>\n",
       "      <td>0.0</td>\n",
       "      <td>0.0</td>\n",
