{
 "cells": [
  {
   "cell_type": "code",
   "execution_count": 1,
   "metadata": {},
   "outputs": [],
   "source": [
    "## import data manipulation packages\n",
    "import pandas as pd\n",
    "import numpy as np\n",
    "from sklearn.neighbors import DistanceMetric\n",
    "from math import radians\n",
    "\n",
    "## import dataset as variable 'city' and drop NaN\n",
    "cities = pd.read_excel('data/small_cities.xlsx')\n",
    "ct = cities.dropna(axis = 'rows', how = 'any')\n",
    "\n",
    "## concatenate iso2 and city to get unique id\n",
    "## ct['ID'] = ct['city'].map(str) + ct['iso2'].map(str)"
   ]
  },
  {
   "cell_type": "code",
   "execution_count": 2,
   "metadata": {},
   "outputs": [
    {
     "name": "stderr",
     "output_type": "stream",
     "text": [
      "<ipython-input-2-f4fa982cdf22>:3: SettingWithCopyWarning: \n",
      "A value is trying to be set on a copy of a slice from a DataFrame.\n",
      "Try using .loc[row_indexer,col_indexer] = value instead\n",
      "\n",
      "See the caveats in the documentation: https://pandas.pydata.org/pandas-docs/stable/user_guide/indexing.html#returning-a-view-versus-a-copy\n",
      "  London_st['city']='London_st'\n",
      "<ipython-input-2-f4fa982cdf22>:4: SettingWithCopyWarning: \n",
      "A value is trying to be set on a copy of a slice from a DataFrame.\n",
      "Try using .loc[row_indexer,col_indexer] = value instead\n",
      "\n",
      "See the caveats in the documentation: https://pandas.pydata.org/pandas-docs/stable/user_guide/indexing.html#returning-a-view-versus-a-copy\n",
      "  London_st['lng'] = London_st['lng'] + 0.2\n"
     ]
    }
   ],
   "source": [
    "#add london Start\n",
    "London_st = ct.loc[(ct['city'] == 'London') & (ct['iso3'] == 'GBR')]\n",
    "London_st['city']='London_st' \n",
    "London_st['lng'] = London_st['lng'] + 0.2"
   ]
  },
  {
   "cell_type": "code",
   "execution_count": 3,
   "metadata": {},
   "outputs": [],
   "source": [
    "ct = ct.append(London_st)"
   ]
  },
  {
   "cell_type": "code",
   "execution_count": 4,
   "metadata": {},
   "outputs": [
    {
     "name": "stdout",
     "output_type": "stream",
     "text": [
      "    index          city    city_ascii      lat       lng         country iso2  \\\n",
      "0       0         Tokyo         Tokyo  35.6897  139.6922           Japan   JP   \n",
      "1       1       Jakarta       Jakarta  -6.2146  106.8451       Indonesia   ID   \n",
      "2       2         Delhi         Delhi  28.6600   77.2300           India   IN   \n",
      "3       3        Mumbai        Mumbai  18.9667   72.8333           India   IN   \n",
      "4       4        Manila        Manila  14.5958  120.9772     Philippines   PH   \n",
      "5       5      Shanghai      Shanghai  31.1667  121.4667           China   CN   \n",
      "6       6     São Paulo     Sao Paulo -23.5504  -46.6339          Brazil   BR   \n",
      "7       7         Seoul         Seoul  37.5833  127.0000    Korea, South   KR   \n",
      "8       8   Mexico City   Mexico City  19.4333  -99.1333          Mexico   MX   \n",
      "9       9     Guangzhou     Guangzhou  23.1288  113.2590           China   CN   \n",
      "10     10       Beijing       Beijing  39.9050  116.3914           China   CN   \n",
      "11     11         Cairo         Cairo  30.0561   31.2394           Egypt   EG   \n",
      "12     13       Kolkāta       Kolkata  22.5411   88.3378           India   IN   \n",
      "13     14        Moscow        Moscow  55.7558   37.6178          Russia   RU   \n",
      "14     15       Bangkok       Bangkok  13.7500  100.5167        Thailand   TH   \n",
      "15     16  Buenos Aires  Buenos Aires -34.5997  -58.3819       Argentina   AR   \n",
      "16     17      Shenzhen      Shenzhen  22.5350  114.0540           China   CN   \n",
      "17     18         Dhaka         Dhaka  23.7161   90.3961      Bangladesh   BD   \n",
      "18     19        London        London  51.5072   -0.1275  United Kingdom   GB   \n",
      "19     19     London_st        London  51.5072    0.0725  United Kingdom   GB   \n",
      "\n",
      "   iso3                        admin_name  capital  population          id  \n",
      "0   JPN                             Tōkyō  primary    37977000  1392685764  \n",
      "1   IDN                           Jakarta  primary    34540000  1360771077  \n",
      "2   IND                             Delhi    admin    29617000  1356872604  \n",
      "3   IND                       Mahārāshtra    admin    23355000  1356226629  \n",
      "4   PHL                            Manila  primary    23088000  1608618140  \n",
      "5   CHN                          Shanghai    admin    22120000  1156073548  \n",
      "6   BRA                         São Paulo    admin    22046000  1076532519  \n",
      "7   KOR                             Seoul  primary    21794000  1410836482  \n",
      "8   MEX                  Ciudad de México  primary    20996000  1484247881  \n",
      "9   CHN                         Guangdong    admin    20902000  1156237133  \n",
      "10  CHN                           Beijing  primary    19433000  1156228865  \n",
      "11  EGY                        Al Qāhirah  primary    19372000  1818253931  \n",
      "12  IND                       West Bengal    admin    17560000  1356060520  \n",
      "13  RUS                            Moskva  primary    17125000  1643318494  \n",
      "14  THA            Krung Thep Maha Nakhon  primary    17066000  1764068610  \n",
      "15  ARG  Buenos Aires, Ciudad Autónoma de  primary    16157000  1032717330  \n",
      "16  CHN                         Guangdong    minor    15929000  1156158707  \n",
      "17  BGD                             Dhaka  primary    15443000  1050529279  \n",
      "18  GBR                   London, City of  primary    10979000  1826645935  \n",
      "19  GBR                   London, City of  primary    10979000  1826645935  \n"
     ]
    }
   ],
   "source": [
    "ct = ct.reset_index()\n",
    "print(ct)"
   ]
  },
  {
   "cell_type": "code",
   "execution_count": 5,
   "metadata": {},
   "outputs": [],
   "source": [
    "## concatenate iso2 and city to get unique id\n",
    "ct['ID'] = ct['city'].map(str) + ct['iso2'].map(str)"
   ]
  },
  {
   "cell_type": "code",
   "execution_count": 6,
   "metadata": {},
   "outputs": [],
   "source": [
    "## drop not usable columns\n",
    "ct = ct.drop(['city_ascii', 'country', 'iso2', 'admin_name', 'capital', 'id'], axis = 1)"
   ]
  },
  {
   "cell_type": "code",
   "execution_count": 7,
   "metadata": {},
   "outputs": [],
   "source": [
    " ct = ct.drop('index', axis = 1)"
   ]
  },
  {
   "cell_type": "code",
   "execution_count": 8,
   "metadata": {
    "scrolled": true
   },
   "outputs": [],
   "source": [
    "#population\n",
    "pop = np.where(ct['population']< 200000 , 0 , 2 )\n",
    "#same state \n",
    "zero_data = np.ones(shape=(len(ct),len(ct)))\n",
    "st = pd.DataFrame(zero_data , columns = ct['iso3'], index = ct['iso3'])\n",
    "for i in ct['iso3']:\n",
    "    st.loc[ i , i ] = 0   \n",
    "st = st * 2"
   ]
  },
  {
   "cell_type": "code",
   "execution_count": 9,
   "metadata": {},
   "outputs": [
    {
     "name": "stdout",
     "output_type": "stream",
     "text": [
      "iso3  JPN  IDN  IND  IND  PHL  CHN  BRA  KOR  MEX  CHN  CHN  EGY  IND  RUS  \\\n",
      "iso3                                                                         \n",
      "JPN   0.0  2.0  2.0  2.0  2.0  2.0  2.0  2.0  2.0  2.0  2.0  2.0  2.0  2.0   \n",
      "IDN   2.0  0.0  2.0  2.0  2.0  2.0  2.0  2.0  2.0  2.0  2.0  2.0  2.0  2.0   \n",
      "IND   2.0  2.0  0.0  0.0  2.0  2.0  2.0  2.0  2.0  2.0  2.0  2.0  0.0  2.0   \n",
      "IND   2.0  2.0  0.0  0.0  2.0  2.0  2.0  2.0  2.0  2.0  2.0  2.0  0.0  2.0   \n",
      "PHL   2.0  2.0  2.0  2.0  0.0  2.0  2.0  2.0  2.0  2.0  2.0  2.0  2.0  2.0   \n",
      "CHN   2.0  2.0  2.0  2.0  2.0  0.0  2.0  2.0  2.0  0.0  0.0  2.0  2.0  2.0   \n",
      "BRA   2.0  2.0  2.0  2.0  2.0  2.0  0.0  2.0  2.0  2.0  2.0  2.0  2.0  2.0   \n",
      "KOR   2.0  2.0  2.0  2.0  2.0  2.0  2.0  0.0  2.0  2.0  2.0  2.0  2.0  2.0   \n",
      "MEX   2.0  2.0  2.0  2.0  2.0  2.0  2.0  2.0  0.0  2.0  2.0  2.0  2.0  2.0   \n",
      "CHN   2.0  2.0  2.0  2.0  2.0  0.0  2.0  2.0  2.0  0.0  0.0  2.0  2.0  2.0   \n",
      "CHN   2.0  2.0  2.0  2.0  2.0  0.0  2.0  2.0  2.0  0.0  0.0  2.0  2.0  2.0   \n",
      "EGY   2.0  2.0  2.0  2.0  2.0  2.0  2.0  2.0  2.0  2.0  2.0  0.0  2.0  2.0   \n",
      "IND   2.0  2.0  0.0  0.0  2.0  2.0  2.0  2.0  2.0  2.0  2.0  2.0  0.0  2.0   \n",
      "RUS   2.0  2.0  2.0  2.0  2.0  2.0  2.0  2.0  2.0  2.0  2.0  2.0  2.0  0.0   \n",
      "THA   2.0  2.0  2.0  2.0  2.0  2.0  2.0  2.0  2.0  2.0  2.0  2.0  2.0  2.0   \n",
      "ARG   2.0  2.0  2.0  2.0  2.0  2.0  2.0  2.0  2.0  2.0  2.0  2.0  2.0  2.0   \n",
      "CHN   2.0  2.0  2.0  2.0  2.0  0.0  2.0  2.0  2.0  0.0  0.0  2.0  2.0  2.0   \n",
      "BGD   2.0  2.0  2.0  2.0  2.0  2.0  2.0  2.0  2.0  2.0  2.0  2.0  2.0  2.0   \n",
      "GBR   2.0  2.0  2.0  2.0  2.0  2.0  2.0  2.0  2.0  2.0  2.0  2.0  2.0  2.0   \n",
      "GBR   2.0  2.0  2.0  2.0  2.0  2.0  2.0  2.0  2.0  2.0  2.0  2.0  2.0  2.0   \n",
      "\n",
      "iso3  THA  ARG  CHN  BGD  GBR  GBR  \n",
      "iso3                                \n",
      "JPN   2.0  2.0  2.0  2.0  2.0  2.0  \n",
      "IDN   2.0  2.0  2.0  2.0  2.0  2.0  \n",
      "IND   2.0  2.0  2.0  2.0  2.0  2.0  \n",
      "IND   2.0  2.0  2.0  2.0  2.0  2.0  \n",
      "PHL   2.0  2.0  2.0  2.0  2.0  2.0  \n",
      "CHN   2.0  2.0  0.0  2.0  2.0  2.0  \n",
      "BRA   2.0  2.0  2.0  2.0  2.0  2.0  \n",
      "KOR   2.0  2.0  2.0  2.0  2.0  2.0  \n",
      "MEX   2.0  2.0  2.0  2.0  2.0  2.0  \n",
      "CHN   2.0  2.0  0.0  2.0  2.0  2.0  \n",
      "CHN   2.0  2.0  0.0  2.0  2.0  2.0  \n",
      "EGY   2.0  2.0  2.0  2.0  2.0  2.0  \n",
      "IND   2.0  2.0  2.0  2.0  2.0  2.0  \n",
      "RUS   2.0  2.0  2.0  2.0  2.0  2.0  \n",
      "THA   0.0  2.0  2.0  2.0  2.0  2.0  \n",
      "ARG   2.0  0.0  2.0  2.0  2.0  2.0  \n",
      "CHN   2.0  2.0  0.0  2.0  2.0  2.0  \n",
      "BGD   2.0  2.0  2.0  0.0  2.0  2.0  \n",
      "GBR   2.0  2.0  2.0  2.0  0.0  0.0  \n",
      "GBR   2.0  2.0  2.0  2.0  0.0  0.0  \n"
     ]
    }
   ],
   "source": [
    "print(st)"
   ]
  },
  {
   "cell_type": "code",
   "execution_count": 10,
   "metadata": {},
   "outputs": [],
   "source": [
    "#direction (changed to longitude)\n",
    "dr_x = np.where(ct['lng']>= 0 , ct['lng'] , (ct['lng'] + 150) + 150 )\n",
    "dr_y =np.where(ct['lng']>= 0 , ct['lng'] , (ct['lng'] + 150) + 150 )\n",
    "drdf = pd.DataFrame(zero_data , columns = dr_x, index = dr_y)\n",
    "for i in dr_x:\n",
    "    for e in dr_y: \n",
    "        drdf.loc[i , e] = np.where( i >= e , 0 , 1 ) "
   ]
  },
  {
   "cell_type": "code",
   "execution_count": 11,
   "metadata": {},
   "outputs": [
    {
     "name": "stdout",
     "output_type": "stream",
     "text": [
      "          139.6922  106.8451  77.2300   72.8333   120.9772  121.4667  \\\n",
      "139.6922       0.0       0.0       0.0       0.0       0.0       0.0   \n",
      "106.8451       1.0       0.0       0.0       0.0       1.0       1.0   \n",
      "77.2300        1.0       1.0       0.0       0.0       1.0       1.0   \n",
      "72.8333        1.0       1.0       1.0       0.0       1.0       1.0   \n",
      "120.9772       1.0       0.0       0.0       0.0       0.0       1.0   \n",
      "121.4667       1.0       0.0       0.0       0.0       0.0       0.0   \n",
      "253.3661       0.0       0.0       0.0       0.0       0.0       0.0   \n",
      "127.0000       1.0       0.0       0.0       0.0       0.0       0.0   \n",
      "200.8667       0.0       0.0       0.0       0.0       0.0       0.0   \n",
      "113.2590       1.0       0.0       0.0       0.0       1.0       1.0   \n",
      "116.3914       1.0       0.0       0.0       0.0       1.0       1.0   \n",
      "31.2394        1.0       1.0       1.0       1.0       1.0       1.0   \n",
      "88.3378        1.0       1.0       0.0       0.0       1.0       1.0   \n",
      "37.6178        1.0       1.0       1.0       1.0       1.0       1.0   \n",
      "100.5167       1.0       1.0       0.0       0.0       1.0       1.0   \n",
      "241.6181       0.0       0.0       0.0       0.0       0.0       0.0   \n",
      "114.0540       1.0       0.0       0.0       0.0       1.0       1.0   \n",
      "90.3961        1.0       1.0       0.0       0.0       1.0       1.0   \n",
      "299.8725       0.0       0.0       0.0       0.0       0.0       0.0   \n",
      "0.0725         1.0       1.0       1.0       1.0       1.0       1.0   \n",
      "\n",
      "          253.3661  127.0000  200.8667  113.2590  116.3914  31.2394   \\\n",
      "139.6922       1.0       0.0       1.0       0.0       0.0       0.0   \n",
      "106.8451       1.0       1.0       1.0       1.0       1.0       0.0   \n",
      "77.2300        1.0       1.0       1.0       1.0       1.0       0.0   \n",
      "72.8333        1.0       1.0       1.0       1.0       1.0       0.0   \n",
      "120.9772       1.0       1.0       1.0       0.0       0.0       0.0   \n",
      "121.4667       1.0       1.0       1.0       0.0       0.0       0.0   \n",
      "253.3661       0.0       0.0       0.0       0.0       0.0       0.0   \n",
      "127.0000       1.0       0.0       1.0       0.0       0.0       0.0   \n",
      "200.8667       1.0       0.0       0.0       0.0       0.0       0.0   \n",
      "113.2590       1.0       1.0       1.0       0.0       1.0       0.0   \n",
      "116.3914       1.0       1.0       1.0       0.0       0.0       0.0   \n",
      "31.2394        1.0       1.0       1.0       1.0       1.0       0.0   \n",
      "88.3378        1.0       1.0       1.0       1.0       1.0       0.0   \n",
      "37.6178        1.0       1.0       1.0       1.0       1.0       0.0   \n",
      "100.5167       1.0       1.0       1.0       1.0       1.0       0.0   \n",
      "241.6181       1.0       0.0       0.0       0.0       0.0       0.0   \n",
      "114.0540       1.0       1.0       1.0       0.0       1.0       0.0   \n",
      "90.3961        1.0       1.0       1.0       1.0       1.0       0.0   \n",
      "299.8725       0.0       0.0       0.0       0.0       0.0       0.0   \n",
      "0.0725         1.0       1.0       1.0       1.0       1.0       1.0   \n",
      "\n",
      "          88.3378   37.6178   100.5167  241.6181  114.0540  90.3961   \\\n",
      "139.6922       0.0       0.0       0.0       1.0       0.0       0.0   \n",
      "106.8451       0.0       0.0       0.0       1.0       1.0       0.0   \n",
      "77.2300        1.0       0.0       1.0       1.0       1.0       1.0   \n",
      "72.8333        1.0       0.0       1.0       1.0       1.0       1.0   \n",
      "120.9772       0.0       0.0       0.0       1.0       0.0       0.0   \n",
      "121.4667       0.0       0.0       0.0       1.0       0.0       0.0   \n",
      "253.3661       0.0       0.0       0.0       0.0       0.0       0.0   \n",
      "127.0000       0.0       0.0       0.0       1.0       0.0       0.0   \n",
      "200.8667       0.0       0.0       0.0       1.0       0.0       0.0   \n",
      "113.2590       0.0       0.0       0.0       1.0       1.0       0.0   \n",
      "116.3914       0.0       0.0       0.0       1.0       0.0       0.0   \n",
      "31.2394        1.0       1.0       1.0       1.0       1.0       1.0   \n",
      "88.3378        0.0       0.0       1.0       1.0       1.0       1.0   \n",
      "37.6178        1.0       0.0       1.0       1.0       1.0       1.0   \n",
      "100.5167       0.0       0.0       0.0       1.0       1.0       0.0   \n",
      "241.6181       0.0       0.0       0.0       0.0       0.0       0.0   \n",
      "114.0540       0.0       0.0       0.0       1.0       0.0       0.0   \n",
      "90.3961        0.0       0.0       1.0       1.0       1.0       0.0   \n",
      "299.8725       0.0       0.0       0.0       0.0       0.0       0.0   \n",
      "0.0725         1.0       1.0       1.0       1.0       1.0       1.0   \n",
      "\n",
      "          299.8725  0.0725    \n",
      "139.6922       1.0       0.0  \n",
      "106.8451       1.0       0.0  \n",
      "77.2300        1.0       0.0  \n",
      "72.8333        1.0       0.0  \n",
      "120.9772       1.0       0.0  \n",
      "121.4667       1.0       0.0  \n",
      "253.3661       1.0       0.0  \n",
      "127.0000       1.0       0.0  \n",
      "200.8667       1.0       0.0  \n",
      "113.2590       1.0       0.0  \n",
      "116.3914       1.0       0.0  \n",
      "31.2394        1.0       0.0  \n",
      "88.3378        1.0       0.0  \n",
      "37.6178        1.0       0.0  \n",
      "100.5167       1.0       0.0  \n",
      "241.6181       1.0       0.0  \n",
      "114.0540       1.0       0.0  \n",
      "90.3961        1.0       0.0  \n",
      "299.8725       0.0       0.0  \n",
      "0.0725         1.0       0.0  \n"
     ]
    }
   ],
   "source": [
    "print(drdf)"
   ]
  },
  {
   "cell_type": "code",
   "execution_count": 12,
   "metadata": {},
   "outputs": [],
   "source": [
    "#metto i giusti indici alle matrici \n",
    "direction = pd.DataFrame(drdf.to_numpy() , columns = ct['ID'], index = ct['ID'])\n",
    "same_state = pd.DataFrame(st.to_numpy() , columns = ct['ID'], index = ct['ID'])\n",
    "population = pd.DataFrame(pop , index = ct['ID'])"
   ]
  },
  {
   "cell_type": "code",
   "execution_count": 13,
   "metadata": {},
   "outputs": [
    {
     "name": "stdout",
     "output_type": "stream",
     "text": [
      "ID              TokyoJP  JakartaID  DelhiIN  MumbaiIN  ManilaPH  ShanghaiCN  \\\n",
      "ID                                                                            \n",
      "TokyoJP             0.0        0.0      0.0       0.0       0.0         0.0   \n",
      "JakartaID           1.0        0.0      0.0       0.0       1.0         1.0   \n",
      "DelhiIN             1.0        1.0      0.0       0.0       1.0         1.0   \n",
      "MumbaiIN            1.0        1.0      1.0       0.0       1.0         1.0   \n",
      "ManilaPH            1.0        0.0      0.0       0.0       0.0         1.0   \n",
      "ShanghaiCN          1.0        0.0      0.0       0.0       0.0         0.0   \n",
      "São PauloBR         0.0        0.0      0.0       0.0       0.0         0.0   \n",
      "SeoulKR             1.0        0.0      0.0       0.0       0.0         0.0   \n",
      "Mexico CityMX       0.0        0.0      0.0       0.0       0.0         0.0   \n",
      "GuangzhouCN         1.0        0.0      0.0       0.0       1.0         1.0   \n",
      "BeijingCN           1.0        0.0      0.0       0.0       1.0         1.0   \n",
      "CairoEG             1.0        1.0      1.0       1.0       1.0         1.0   \n",
      "KolkātaIN           1.0        1.0      0.0       0.0       1.0         1.0   \n",
      "MoscowRU            1.0        1.0      1.0       1.0       1.0         1.0   \n",
      "BangkokTH           1.0        1.0      0.0       0.0       1.0         1.0   \n",
      "Buenos AiresAR      0.0        0.0      0.0       0.0       0.0         0.0   \n",
      "ShenzhenCN          1.0        0.0      0.0       0.0       1.0         1.0   \n",
      "DhakaBD             1.0        1.0      0.0       0.0       1.0         1.0   \n",
      "LondonGB            0.0        0.0      0.0       0.0       0.0         0.0   \n",
      "London_stGB         1.0        1.0      1.0       1.0       1.0         1.0   \n",
      "\n",
      "ID              São PauloBR  SeoulKR  Mexico CityMX  GuangzhouCN  BeijingCN  \\\n",
      "ID                                                                            \n",
      "TokyoJP                 1.0      0.0            1.0          0.0        0.0   \n",
      "JakartaID               1.0      1.0            1.0          1.0        1.0   \n",
      "DelhiIN                 1.0      1.0            1.0          1.0        1.0   \n",
      "MumbaiIN                1.0      1.0            1.0          1.0        1.0   \n",
      "ManilaPH                1.0      1.0            1.0          0.0        0.0   \n",
      "ShanghaiCN              1.0      1.0            1.0          0.0        0.0   \n",
      "São PauloBR             0.0      0.0            0.0          0.0        0.0   \n",
      "SeoulKR                 1.0      0.0            1.0          0.0        0.0   \n",
      "Mexico CityMX           1.0      0.0            0.0          0.0        0.0   \n",
      "GuangzhouCN             1.0      1.0            1.0          0.0        1.0   \n",
      "BeijingCN               1.0      1.0            1.0          0.0        0.0   \n",
      "CairoEG                 1.0      1.0            1.0          1.0        1.0   \n",
      "KolkātaIN               1.0      1.0            1.0          1.0        1.0   \n",
      "MoscowRU                1.0      1.0            1.0          1.0        1.0   \n",
      "BangkokTH               1.0      1.0            1.0          1.0        1.0   \n",
      "Buenos AiresAR          1.0      0.0            0.0          0.0        0.0   \n",
      "ShenzhenCN              1.0      1.0            1.0          0.0        1.0   \n",
      "DhakaBD                 1.0      1.0            1.0          1.0        1.0   \n",
      "LondonGB                0.0      0.0            0.0          0.0        0.0   \n",
      "London_stGB             1.0      1.0            1.0          1.0        1.0   \n",
      "\n",
      "ID              CairoEG  KolkātaIN  MoscowRU  BangkokTH  Buenos AiresAR  \\\n",
      "ID                                                                        \n",
      "TokyoJP             0.0        0.0       0.0        0.0             1.0   \n",
      "JakartaID           0.0        0.0       0.0        0.0             1.0   \n",
      "DelhiIN             0.0        1.0       0.0        1.0             1.0   \n",
      "MumbaiIN            0.0        1.0       0.0        1.0             1.0   \n",
      "ManilaPH            0.0        0.0       0.0        0.0             1.0   \n",
      "ShanghaiCN          0.0        0.0       0.0        0.0             1.0   \n",
      "São PauloBR         0.0        0.0       0.0        0.0             0.0   \n",
      "SeoulKR             0.0        0.0       0.0        0.0             1.0   \n",
      "Mexico CityMX       0.0        0.0       0.0        0.0             1.0   \n",
      "GuangzhouCN         0.0        0.0       0.0        0.0             1.0   \n",
      "BeijingCN           0.0        0.0       0.0        0.0             1.0   \n",
      "CairoEG             0.0        1.0       1.0        1.0             1.0   \n",
      "KolkātaIN           0.0        0.0       0.0        1.0             1.0   \n",
      "MoscowRU            0.0        1.0       0.0        1.0             1.0   \n",
      "BangkokTH           0.0        0.0       0.0        0.0             1.0   \n",
      "Buenos AiresAR      0.0        0.0       0.0        0.0             0.0   \n",
      "ShenzhenCN          0.0        0.0       0.0        0.0             1.0   \n",
      "DhakaBD             0.0        0.0       0.0        1.0             1.0   \n",
      "LondonGB            0.0        0.0       0.0        0.0             0.0   \n",
      "London_stGB         1.0        1.0       1.0        1.0             1.0   \n",
      "\n",
      "ID              ShenzhenCN  DhakaBD  LondonGB  London_stGB  \n",
      "ID                                                          \n",
      "TokyoJP                0.0      0.0       1.0          0.0  \n",
      "JakartaID              1.0      0.0       1.0          0.0  \n",
      "DelhiIN                1.0      1.0       1.0          0.0  \n",
      "MumbaiIN               1.0      1.0       1.0          0.0  \n",
      "ManilaPH               0.0      0.0       1.0          0.0  \n",
      "ShanghaiCN             0.0      0.0       1.0          0.0  \n",
      "São PauloBR            0.0      0.0       1.0          0.0  \n",
      "SeoulKR                0.0      0.0       1.0          0.0  \n",
      "Mexico CityMX          0.0      0.0       1.0          0.0  \n",
      "GuangzhouCN            1.0      0.0       1.0          0.0  \n",
      "BeijingCN              0.0      0.0       1.0          0.0  \n",
      "CairoEG                1.0      1.0       1.0          0.0  \n",
      "KolkātaIN              1.0      1.0       1.0          0.0  \n",
      "MoscowRU               1.0      1.0       1.0          0.0  \n",
      "BangkokTH              1.0      0.0       1.0          0.0  \n",
      "Buenos AiresAR         0.0      0.0       1.0          0.0  \n",
      "ShenzhenCN             0.0      0.0       1.0          0.0  \n",
      "DhakaBD                1.0      0.0       1.0          0.0  \n",
      "LondonGB               0.0      0.0       0.0          0.0  \n",
      "London_stGB            1.0      1.0       1.0          0.0  \n"
     ]
    }
   ],
   "source": [
    "print(direction)"
   ]
  },
  {
   "cell_type": "code",
   "execution_count": 14,
   "metadata": {},
   "outputs": [],
   "source": [
    "## coversion of coordinated in degrees to radians\n",
    "ct['lat'] = np.radians(ct['lat'])\n",
    "ct['lng'] = np.radians(ct['lng'])"
   ]
  },
  {
   "cell_type": "code",
   "execution_count": 15,
   "metadata": {},
   "outputs": [],
   "source": [
    "## get the scipy metrics\n",
    "dist = DistanceMetric.get_metric('haversine')"
   ]
  },
  {
   "cell_type": "code",
   "execution_count": 16,
   "metadata": {},
   "outputs": [
    {
     "data": {
      "text/plain": [
       "array([[ 6.22902774e-01,  2.43808883e+00],\n",
       "       [-1.08465232e-01,  1.86479878e+00],\n",
       "       [ 5.00211364e-01,  1.34791778e+00],\n",
       "       [ 3.31031363e-01,  1.27118089e+00],\n",
       "       [ 2.54744767e-01,  2.11145046e+00],\n",
       "       [ 5.43961532e-01,  2.11999385e+00],\n",
       "       [-4.11032020e-01, -8.13915098e-01],\n",
       "       [ 6.55952329e-01,  2.21656815e+00],\n",
       "       [ 3.39175070e-01, -1.73020248e+00],\n",
       "       [ 4.03673712e-01,  1.97674246e+00],\n",
       "       [ 6.96473638e-01,  2.03141315e+00],\n",
       "       [ 5.24577905e-01,  5.45230386e-01],\n",
       "       [ 3.93416412e-01,  1.54178546e+00],\n",
       "       [ 9.73122287e-01,  6.56554467e-01],\n",
       "       [ 2.39982772e-01,  1.75434737e+00],\n",
       "       [-6.03878685e-01, -1.01895638e+00],\n",
       "       [ 3.93309947e-01,  1.99061783e+00],\n",
       "       [ 4.13924031e-01,  1.57770958e+00],\n",
       "       [ 8.98970228e-01, -2.22529480e-03],\n",
       "       [ 8.98970228e-01,  1.26536371e-03]])"
      ]
     },
     "execution_count": 16,
     "metadata": {},
     "output_type": "execute_result"
    }
   ],
   "source": [
    "## prepare the array to get in input for the distance calculation\n",
    "ct[['lat','lng']].to_numpy()"
   ]
  },
  {
   "cell_type": "code",
   "execution_count": 17,
   "metadata": {},
   "outputs": [
    {
     "data": {
      "text/plain": [
       "array([[0.00000000e+00, 5.78790377e+03, 5.83524850e+03, 6.73636810e+03,\n",
       "        2.99719434e+03, 1.76202239e+03, 1.85399852e+04, 1.15130789e+03,\n",
       "        1.13093804e+04, 2.90380048e+03, 2.09445551e+03, 9.56623330e+03,\n",
       "        5.13914282e+03, 7.48057052e+03, 4.60365728e+03, 1.83753446e+04,\n",
       "        2.87585310e+03, 4.89188601e+03, 9.56172023e+03, 9.55443116e+03],\n",
       "       [5.78790377e+03, 0.00000000e+00, 5.01126757e+03, 4.66228762e+03,\n",
       "        2.79071769e+03, 4.43907373e+03, 1.56332708e+04, 5.30108500e+03,\n",
       "        1.68508222e+04, 3.33752354e+03, 5.22260347e+03, 8.98864387e+03,\n",
       "        3.78003420e+03, 9.31518347e+03, 2.32800381e+03, 1.52238172e+04,\n",
       "        3.29270141e+03, 3.77792978e+03, 1.17222779e+04, 1.17086198e+04],\n",
       "       [5.83524850e+03, 5.01126757e+03, 0.00000000e+00, 1.16699746e+03,\n",
       "        4.75533799e+03, 4.24589965e+03, 1.44355433e+04, 4.68601564e+03,\n",
       "        1.46577056e+04, 3.64336139e+03, 3.77541615e+03, 4.43087846e+03,\n",
       "        1.30460655e+03, 4.34081998e+03, 2.91941239e+03, 1.57997341e+04,\n",
       "        3.74119869e+03, 1.42338249e+03, 6.71110194e+03, 6.69745560e+03],\n",
       "       [6.73636810e+03, 4.66228762e+03, 1.16699746e+03, 0.00000000e+00,\n",
       "        5.13501293e+03, 5.04231712e+03, 1.37705323e+04, 5.60966494e+03,\n",
       "        1.56611326e+04, 4.20900139e+03, 4.75595358e+03, 4.36017510e+03,\n",
       "        1.65997637e+03, 5.03819453e+03, 3.00745563e+03, 1.49297544e+04,\n",
       "        4.29278017e+03, 1.89304386e+03, 7.20001131e+03, 7.18616719e+03],\n",
       "       [2.99719434e+03, 2.79071769e+03, 4.75533799e+03, 5.13501293e+03,\n",
       "        0.00000000e+00, 1.84385359e+03, 1.83834440e+04, 2.62511530e+03,\n",
       "        1.42249132e+04, 1.24862455e+03, 2.85035977e+03, 9.17954846e+03,\n",
       "        3.54483216e+03, 8.25982951e+03, 2.20781502e+03, 1.77954113e+04,\n",
       "        1.14520933e+03, 3.36105731e+03, 1.07383397e+04, 1.07267806e+04],\n",
       "       [1.76202239e+03, 4.43907373e+03, 4.24589965e+03, 5.04231712e+03,\n",
       "        1.84385359e+03, 0.00000000e+00, 1.85740240e+04, 8.75628928e+02,\n",
       "        1.29176388e+04, 1.20710231e+03, 1.07454889e+03, 8.35907920e+03,\n",
       "        3.41014569e+03, 6.82431572e+03, 2.88594371e+03, 1.96392564e+04,\n",
       "        1.20870378e+03, 3.16541873e+03, 9.20525753e+03, 9.19507278e+03],\n",
       "       [1.85399852e+04, 1.56332708e+04, 1.44355433e+04, 1.37705323e+04,\n",
       "        1.83834440e+04, 1.85740240e+04, 0.00000000e+00, 1.83468081e+04,\n",
       "        7.43435645e+03, 1.79690103e+04, 1.76036931e+04, 1.02238021e+04,\n",
       "        1.54304662e+04, 1.18101747e+04, 1.64020562e+04, 1.67507494e+03,\n",
       "        1.80429372e+04, 1.56599317e+04, 9.50039762e+03, 9.50965010e+03],\n",
       "       [1.15130789e+03, 5.30108500e+03, 4.68601564e+03, 5.60966494e+03,\n",
       "        2.62511530e+03, 8.75628928e+02, 1.83468081e+04, 0.00000000e+00,\n",
       "        1.20526597e+04, 2.07446508e+03, 9.55203445e+02, 8.48821458e+03,\n",
       "        4.04410186e+03, 6.60741886e+03, 3.72545776e+03, 1.94349063e+04,\n",
       "        2.08214705e+03, 3.79635060e+03, 8.85950223e+03, 8.85059619e+03],\n",
       "       [1.13093804e+04, 1.68508222e+04, 1.46577056e+04, 1.56611326e+04,\n",
       "        1.42249132e+04, 1.29176388e+04, 7.43435645e+03, 1.20526597e+04,\n",
       "        0.00000000e+00, 1.41244987e+04, 1.24626239e+04, 1.23718641e+04,\n",
       "        1.52825315e+04, 1.07227120e+04, 1.57489782e+04, 7.39422032e+03,\n",
       "        1.41231828e+04, 1.51118544e+04, 8.93150563e+03, 8.94458329e+03],\n",
       "       [2.90380048e+03, 3.33752354e+03, 3.64336139e+03, 4.20900139e+03,\n",
       "        1.24862455e+03, 1.20710231e+03, 1.79690103e+04, 2.07446508e+03,\n",
       "        1.41244987e+04, 0.00000000e+00, 1.88914677e+03, 8.02045008e+03,\n",
       "        2.55247000e+03, 7.01426949e+03, 1.69998871e+03, 1.85092668e+04,\n",
       "        1.04901769e+02, 2.33190811e+03, 9.49876880e+03, 9.48703401e+03],\n",
       "       [2.09445551e+03, 5.22260347e+03, 3.77541615e+03, 4.75595358e+03,\n",
       "        2.85035977e+03, 1.07454889e+03, 1.76036931e+04, 9.55203445e+02,\n",
       "        1.24626239e+04, 1.88914677e+03, 0.00000000e+00, 7.54431231e+03,\n",
       "        3.27053352e+03, 5.79457072e+03, 3.29636877e+03, 1.92717738e+04,\n",
       "        1.94460715e+03, 3.02716629e+03, 8.14274683e+03, 8.13280842e+03],\n",
       "       [9.56623330e+03, 8.98864387e+03, 4.43087846e+03, 4.36017510e+03,\n",
       "        9.17954846e+03, 8.35907920e+03, 1.02238021e+04, 8.48821458e+03,\n",
       "        1.23718641e+04, 8.02045008e+03, 7.54431231e+03, 0.00000000e+00,\n",
       "        5.69796426e+03, 2.90256577e+03, 7.27266148e+03, 1.18172609e+04,\n",
       "        8.12262770e+03, 5.84791709e+03, 3.51158282e+03, 3.49968383e+03],\n",
       "       [5.13914282e+03, 3.78003420e+03, 1.30460655e+03, 1.65997637e+03,\n",
       "        3.54483216e+03, 3.41014569e+03, 1.54304662e+04, 4.04410186e+03,\n",
       "        1.52825315e+04, 2.55247000e+03, 3.27053352e+03, 5.69796426e+03,\n",
       "        0.00000000e+00, 5.53522292e+03, 1.61503960e+03, 1.65250704e+04,\n",
       "        2.63863189e+03, 2.47803246e+02, 7.96548665e+03, 7.95201091e+03],\n",
       "       [7.48057052e+03, 9.31518347e+03, 4.34081998e+03, 5.03819453e+03,\n",
       "        8.25982951e+03, 6.82431572e+03, 1.18101747e+04, 6.60741886e+03,\n",
       "        1.07227120e+04, 7.01426949e+03, 5.79457072e+03, 2.90256577e+03,\n",
       "        5.53522292e+03, 0.00000000e+00, 7.06813323e+03, 1.34794954e+04,\n",
       "        7.11632372e+03, 5.55034988e+03, 2.50134313e+03, 2.48887186e+03],\n",
       "       [4.60365728e+03, 2.32800381e+03, 2.91941239e+03, 3.00745563e+03,\n",
       "        2.20781502e+03, 2.88594371e+03, 1.64020562e+04, 3.72545776e+03,\n",
       "        1.57489782e+04, 1.69998871e+03, 3.29636877e+03, 7.27266148e+03,\n",
       "        1.61503960e+03, 7.06813323e+03, 0.00000000e+00, 1.68792959e+04,\n",
       "        1.73090836e+03, 1.53661641e+03, 9.53633835e+03, 9.52307827e+03],\n",
       "       [1.83753446e+04, 1.52238172e+04, 1.57997341e+04, 1.49297544e+04,\n",
       "        1.77954113e+04, 1.96392564e+04, 1.67507494e+03, 1.94349063e+04,\n",
       "        7.39422032e+03, 1.85092668e+04, 1.92717738e+04, 1.18172609e+04,\n",
       "        1.65250704e+04, 1.34794954e+04, 1.68792959e+04, 0.00000000e+00,\n",
       "        1.84907337e+04, 1.67726709e+04, 1.11309276e+04, 1.11407836e+04],\n",
       "       [2.87585310e+03, 3.29270141e+03, 3.74119869e+03, 4.29278017e+03,\n",
       "        1.14520933e+03, 1.20870378e+03, 1.80429372e+04, 2.08214705e+03,\n",
       "        1.41231828e+04, 1.04901769e+02, 1.94460715e+03, 8.12262770e+03,\n",
       "        2.63863189e+03, 7.11632372e+03, 1.73090836e+03, 1.84907337e+04,\n",
       "        0.00000000e+00, 2.42082783e+03, 9.59952868e+03, 9.58782770e+03],\n",
       "       [4.89188601e+03, 3.77792978e+03, 1.42338249e+03, 1.89304386e+03,\n",
       "        3.36105731e+03, 3.16541873e+03, 1.56599317e+04, 3.79635060e+03,\n",
       "        1.51118544e+04, 2.33190811e+03, 3.02716629e+03, 5.84791709e+03,\n",
       "        2.47803246e+02, 5.55034988e+03, 1.53661641e+03, 1.67726709e+04,\n",
       "        2.42082783e+03, 0.00000000e+00, 8.00468870e+03, 7.99135258e+03],\n",
       "       [9.56172023e+03, 1.17222779e+04, 6.71110194e+03, 7.20001131e+03,\n",
       "        1.07383397e+04, 9.20525753e+03, 9.50039762e+03, 8.85950223e+03,\n",
       "        8.93150563e+03, 9.49876880e+03, 8.14274683e+03, 3.51158282e+03,\n",
       "        7.96548665e+03, 2.50134313e+03, 9.53633835e+03, 1.11309276e+04,\n",
       "        9.59952868e+03, 8.00468870e+03, 0.00000000e+00, 1.38462476e+01],\n",
       "       [9.55443116e+03, 1.17086198e+04, 6.69745560e+03, 7.18616719e+03,\n",
       "        1.07267806e+04, 9.19507278e+03, 9.50965010e+03, 8.85059619e+03,\n",
       "        8.94458329e+03, 9.48703401e+03, 8.13280842e+03, 3.49968383e+03,\n",
       "        7.95201091e+03, 2.48887186e+03, 9.52307827e+03, 1.11407836e+04,\n",
       "        9.58782770e+03, 7.99135258e+03, 1.38462476e+01, 0.00000000e+00]])"
      ]
     },
     "execution_count": 17,
     "metadata": {},
     "output_type": "execute_result"
    }
   ],
   "source": [
    "## pass pairwise function to get the distance / multiply for 6373 as earth sperical radius is 6373kms\n",
    "dist.pairwise(ct [['lat','lng']].to_numpy())*6373"
   ]
  },
  {
   "cell_type": "code",
   "execution_count": 18,
   "metadata": {
    "scrolled": false
   },
   "outputs": [],
   "source": [
    "## create the distance matrix with cities in the indexes\n",
    "distance = pd.DataFrame(dist.pairwise(ct[['lat','lng']].to_numpy())*6373, columns = ct['ID'], index = ct['ID'])"
   ]
  },
  {
   "cell_type": "code",
   "execution_count": 19,
   "metadata": {},
   "outputs": [
    {
     "data": {
      "text/html": [
       "<div>\n",
       "<style scoped>\n",
       "    .dataframe tbody tr th:only-of-type {\n",
       "        vertical-align: middle;\n",
       "    }\n",
       "\n",
       "    .dataframe tbody tr th {\n",
       "        vertical-align: top;\n",
       "    }\n",
       "\n",
       "    .dataframe thead th {\n",
       "        text-align: right;\n",
       "    }\n",
       "</style>\n",
       "<table border=\"1\" class=\"dataframe\">\n",
       "  <thead>\n",
       "    <tr style=\"text-align: right;\">\n",
       "      <th></th>\n",
       "      <th>city</th>\n",
       "      <th>lat</th>\n",
       "      <th>lng</th>\n",
       "      <th>iso3</th>\n",
       "      <th>population</th>\n",
       "      <th>ID</th>\n",
       "    </tr>\n",
       "  </thead>\n",
       "  <tbody>\n",
       "    <tr>\n",
       "      <th>18</th>\n",
       "      <td>London</td>\n",
       "      <td>0.89897</td>\n",
       "      <td>-0.002225</td>\n",
       "      <td>GBR</td>\n",
       "      <td>10979000</td>\n",
       "      <td>LondonGB</td>\n",
       "    </tr>\n",
       "  </tbody>\n",
       "</table>\n",
       "</div>"
      ],
      "text/plain": [
       "      city      lat       lng iso3  population        ID\n",
       "18  London  0.89897 -0.002225  GBR    10979000  LondonGB"
      ]
     },
     "execution_count": 19,
     "metadata": {},
     "output_type": "execute_result"
    }
   ],
   "source": [
    "## identify 'London' ID arrival\n",
    "ct.loc[(ct['city'] == 'London') & (ct['iso3'] == 'GBR')]"
   ]
  },
  {
   "cell_type": "code",
   "execution_count": 20,
   "metadata": {},
   "outputs": [
    {
     "data": {
      "text/html": [
       "<div>\n",
       "<style scoped>\n",
       "    .dataframe tbody tr th:only-of-type {\n",
       "        vertical-align: middle;\n",
       "    }\n",
       "\n",
       "    .dataframe tbody tr th {\n",
       "        vertical-align: top;\n",
       "    }\n",
       "\n",
       "    .dataframe thead th {\n",
       "        text-align: right;\n",
       "    }\n",
       "</style>\n",
       "<table border=\"1\" class=\"dataframe\">\n",
       "  <thead>\n",
       "    <tr style=\"text-align: right;\">\n",
       "      <th></th>\n",
       "      <th>city</th>\n",
       "      <th>lat</th>\n",
       "      <th>lng</th>\n",
       "      <th>iso3</th>\n",
       "      <th>population</th>\n",
       "      <th>ID</th>\n",
       "    </tr>\n",
       "  </thead>\n",
       "  <tbody>\n",
       "    <tr>\n",
       "      <th>19</th>\n",
       "      <td>London_st</td>\n",
       "      <td>0.89897</td>\n",
       "      <td>0.001265</td>\n",
       "      <td>GBR</td>\n",
       "      <td>10979000</td>\n",
       "      <td>London_stGB</td>\n",
       "    </tr>\n",
       "  </tbody>\n",
       "</table>\n",
       "</div>"
      ],
      "text/plain": [
       "         city      lat       lng iso3  population           ID\n",
       "19  London_st  0.89897  0.001265  GBR    10979000  London_stGB"
      ]
     },
     "execution_count": 20,
     "metadata": {},
     "output_type": "execute_result"
    }
   ],
   "source": [
    "## identify 'London_st' ID start\n",
    "ct.loc[(ct['city'] == 'London_st')]"
   ]
  },
  {
   "cell_type": "code",
   "execution_count": 21,
   "metadata": {},
   "outputs": [
    {
