{
 "cells": [
  {
   "cell_type": "code",
   "execution_count": 84,
   "metadata": {},
   "outputs": [
    {
     "name": "stderr",
     "output_type": "stream",
     "text": [
      "<ipython-input-84-22518efb9358>:12: SettingWithCopyWarning: \n",
      "A value is trying to be set on a copy of a slice from a DataFrame.\n",
      "Try using .loc[row_indexer,col_indexer] = value instead\n",
      "\n",
      "See the caveats in the documentation: https://pandas.pydata.org/pandas-docs/stable/user_guide/indexing.html#returning-a-view-versus-a-copy\n",
      "  London_st['city']='London_st'\n",
      "<ipython-input-84-22518efb9358>:13: SettingWithCopyWarning: \n",
      "A value is trying to be set on a copy of a slice from a DataFrame.\n",
      "Try using .loc[row_indexer,col_indexer] = value instead\n",
      "\n",
      "See the caveats in the documentation: https://pandas.pydata.org/pandas-docs/stable/user_guide/indexing.html#returning-a-view-versus-a-copy\n",
      "  London_st['lng'] = London_st['lng'] + 0.2\n"
     ]
    }
   ],
   "source": [
    "## import data manipulation packages\n",
    "import pandas as pd\n",
    "import numpy as np\n",
    "from sklearn.neighbors import DistanceMetric\n",
    "from math import radians\n",
    "\n",
    "## import dataset as variable 'city' and drop NaN\n",
    "cities = pd.read_excel('small_cities.xlsx')\n",
    "ct = cities.dropna(axis = 'rows', how = 'any')\n",
    "#add london start \n",
    "London_st = ct.loc[(ct['city'] == 'London') & (ct['iso3'] == 'GBR')]\n",
    "London_st['city']='London_st' \n",
    "London_st['lng'] = London_st['lng'] + 0.2\n",
    "ct=ct.append(London_st)\n",
    "\n",
    "\n",
    "## concatenate iso2 and city to get unique id\n",
    "ct['ID'] = ct['city'].map(str) + ct['iso2'].map(str)"
   ]
  },
  {
   "cell_type": "code",
   "execution_count": 85,
   "metadata": {},
   "outputs": [],
   "source": [
    "## drop not usable columns\n",
    "ct = ct.drop(['city_ascii', 'country', 'iso2', 'admin_name', 'capital', 'id'], axis = 1)"
   ]
  },
  {
   "cell_type": "code",
   "execution_count": 87,
   "metadata": {
    "scrolled": true
   },
   "outputs": [],
   "source": [
    "#population\n",
    "pop = np.where(ct['population']< 200000 , 0 , 2 )\n",
    "#same state \n",
    "zero_data = np.ones(shape=(len(ct),len(ct)))\n",
    "st = pd.DataFrame(zero_data , columns = ct['iso3'], index = ct['iso3'])\n",
    "for i in ct['iso3']:\n",
    "    st.loc[ i , i ] = 0   \n",
    "st = st * 2"
   ]
  },
  {
   "cell_type": "code",
   "execution_count": 89,
   "metadata": {},
   "outputs": [],
   "source": [
    "#metto i giusti indici alle matrici \n",
    "direction = pd.DataFrame( drdf.to_numpy() , columns = ct['ID'], index = ct['ID'])\n",
    "same_state = pd.DataFrame( st.to_numpy() , columns = ct['ID'], index = ct['ID'])\n",
    "popolation = pd.DataFrame( pop , index = ct['ID'])\n",
    "\n",
    "\n",
    "\n"
   ]
  },
  {
   "cell_type": "code",
   "execution_count": 108,
   "metadata": {},
   "outputs": [],
   "source": [
    "## coversion of coordinated in degrees to radians\n",
    "ct['lat'] = np.radians(ct['lat'])\n",
    "ct['lng'] = np.radians(ct['lng'])"
   ]
  },
  {
   "cell_type": "code",
   "execution_count": 109,
   "metadata": {},
   "outputs": [],
   "source": [
    "## get the scipy metrics\n",
    "dist = DistanceMetric.get_metric('haversine')\n"
   ]
  },
  {
   "cell_type": "code",
   "execution_count": 110,
   "metadata": {},
   "outputs": [
    {
     "data": {
      "text/plain": [
       "array([[ 1.08717043e-02,  4.25526775e-02],\n",
       "       [-1.89307542e-03,  3.25468787e-02],\n",
       "       [ 8.73033525e-03,  2.35256033e-02],\n",
       "       [ 5.77758722e-03,  2.21862919e-02],\n",
       "       [ 4.44613494e-03,  3.68517625e-02],\n",
       "       [ 9.49391974e-03,  3.70008727e-02],\n",
       "       [-7.17386208e-03, -1.42054983e-02],\n",
       "       [ 1.14485279e-02,  3.86864123e-02],\n",
       "       [ 5.91972170e-03, -3.01977301e-02],\n",
       "       [ 7.04543538e-03,  3.45006643e-02],\n",
       "       [ 1.21557581e-02,  3.54548480e-02],\n",
       "       [ 9.15561163e-03,  9.51606542e-03],\n",
       "       [ 6.86641172e-03,  2.69092327e-02],\n",
       "       [ 1.69841879e-02,  1.14590372e-02],\n",
       "       [ 4.18848952e-03,  3.06191378e-02],\n",
       "       [-1.05396713e-02, -1.77841437e-02],\n",
       "       [ 6.86455355e-03,  3.47428352e-02],\n",
       "       [ 7.22433719e-03,  2.75362267e-02],\n",
       "       [ 1.56899904e-02, -3.88387210e-05],\n",
       "       [ 1.56899904e-02,  2.20847629e-05]])"
      ]
     },
     "execution_count": 110,
     "metadata": {},
     "output_type": "execute_result"
    }
   ],
   "source": [
    "## prepare the array to get in input for the distance calculation\n",
    "ct[['lat','lng']].to_numpy()"
   ]
  },
  {
   "cell_type": "code",
   "execution_count": 111,
   "metadata": {},
   "outputs": [
    {
     "data": {
      "text/plain": [
       "array([[0.00000000e+00, 1.03362955e+02, 1.22019253e+02, 1.33788996e+02,\n",
       "        5.47434229e+01, 3.64531288e+01, 3.79556670e+02, 2.49109068e+01,\n",
       "        4.64694404e+02, 5.68127010e+01, 4.59657650e+01, 2.10815623e+02,\n",
       "        1.02907702e+02, 2.01933245e+02, 8.71648715e+01, 4.08013367e+02,\n",
       "        5.59395557e+01, 9.84784968e+01, 2.73143065e+02, 2.72757299e+02],\n",
       "       [1.03362955e+02, 0.00000000e+00, 8.88201758e+01, 8.21548401e+01,\n",
       "        4.88346155e+01, 7.79231119e+01, 2.99844161e+02, 9.35965329e+01,\n",
       "        4.02957575e+02, 5.83100605e+01, 9.14310409e+01, 1.62789856e+02,\n",
       "        6.63867390e+01, 1.80369367e+02, 4.06583418e+01, 3.25451442e+02,\n",
       "        5.75401895e+01, 6.63017141e+01, 2.35965890e+02, 2.35624283e+02],\n",
       "       [1.22019253e+02, 8.88201758e+01, 0.00000000e+00, 2.06630512e+01,\n",
       "        8.92067288e+01, 8.60120964e+01, 2.60946814e+02, 9.81556130e+01,\n",
       "        3.42837743e+02, 7.07613476e+01, 7.90932027e+01, 8.93203433e+01,\n",
       "        2.46186434e+01, 9.31642815e+01, 5.36788252e+01, 2.90497961e+02,\n",
       "        7.24674123e+01, 2.73015212e+01, 1.56578099e+02, 1.56205805e+02],\n",
       "       [1.33788996e+02, 8.21548401e+01, 2.06630512e+01, 0.00000000e+00,\n",
       "        9.38462154e+01, 9.73359461e+01, 2.46173018e+02, 1.11188782e+02,\n",
       "        3.33838890e+02, 7.88927344e+01, 9.38197579e+01, 8.35657024e+01,\n",
       "        3.08882254e+01, 9.88628323e+01, 5.46877451e+01, 2.75136821e+02,\n",
       "        8.03205247e+01, 3.53191139e+01, 1.55081585e+02, 1.54727094e+02],\n",
       "       [5.47434229e+01, 4.88346155e+01, 8.92067288e+01, 9.38462154e+01,\n",
       "        0.00000000e+00, 3.21835643e+01, 3.33706372e+02, 4.61324300e+01,\n",
       "        4.27403823e+02, 2.23362875e+01, 4.99333868e+01, 1.76772771e+02,\n",
       "        6.52130838e+01, 1.80470802e+02, 3.97540710e+01, 3.61050168e+02,\n",
       "        2.04494651e+01, 6.19508719e+01, 2.45768896e+02, 2.45397547e+02],\n",
       "       [3.64531288e+01, 7.79231119e+01, 8.60120964e+01, 9.73359461e+01,\n",
       "        3.21835643e+01, 0.00000000e+00, 3.43187272e+02, 1.64482972e+01,\n",
       "        4.28849110e+02, 2.23015730e+01, 1.96173475e+01, 1.75166330e+02,\n",
       "        6.64560977e+01, 1.69619055e+02, 5.28890386e+01, 3.71750894e+02,\n",
       "        2.20877148e+01, 6.20260983e+01, 2.39315237e+02, 2.38932333e+02],\n",
       "       [3.79556670e+02, 2.99844161e+02, 2.60946814e+02, 2.46173018e+02,\n",
       "        3.33706372e+02, 3.43187272e+02, 0.00000000e+00, 3.57357358e+02,\n",
       "        1.31720777e+02, 3.23359182e+02, 3.39609278e+02, 1.83532579e+02,\n",
       "        2.76878987e+02, 2.24618361e+02, 2.94700430e+02, 3.13084667e+01,\n",
       "        3.24521336e+02, 2.81398777e+02, 1.71413278e+02, 1.71618084e+02],\n",
       "       [2.49109068e+01, 9.35965329e+01, 9.81556130e+01, 1.11188782e+02,\n",
       "        4.61324300e+01, 1.64482972e+01, 3.57357358e+02, 0.00000000e+00,\n",
       "        4.40393331e+02, 3.87162678e+01, 2.10807896e+01, 1.86466173e+02,\n",
       "        8.05336102e+01, 1.77052650e+02, 6.91653474e+01, 3.86199354e+02,\n",
       "        3.85359927e+01, 7.59856730e+01, 2.48249144e+02, 2.47863226e+02],\n",
       "       [4.64694404e+02, 4.02957575e+02, 3.42837743e+02, 3.33838890e+02,\n",
       "        4.27403823e+02, 4.28849110e+02, 1.31720777e+02, 4.40393331e+02,\n",
       "        0.00000000e+00, 4.12376589e+02, 4.20269416e+02, 2.53927508e+02,\n",
       "        3.63985226e+02, 2.74665458e+02, 3.87737905e+02, 1.31383448e+02,\n",
       "        4.13901551e+02, 3.68024462e+02, 2.02025452e+02, 2.02394828e+02],\n",
       "       [5.68127010e+01, 5.83100605e+01, 7.07613476e+01, 7.88927344e+01,\n",
       "        2.23362875e+01, 2.23015730e+01, 3.23359182e+02, 3.87162678e+01,\n",
       "        4.12376589e+02, 0.00000000e+00, 3.31308845e+01, 1.59788514e+02,\n",
       "        4.83924746e+01, 1.59912066e+02, 3.07148865e+01, 3.51548125e+02,\n",
       "        1.92631362e+00, 4.43978730e+01, 2.26895269e+02, 2.26518668e+02],\n",
       "       [4.59657650e+01, 9.14310409e+01, 7.90932027e+01, 9.38197579e+01,\n",
       "        4.99333868e+01, 1.96173475e+01, 3.39609278e+02, 2.10807896e+01,\n",
       "        4.20269416e+02, 3.31308845e+01, 0.00000000e+00, 1.66400533e+02,\n",
       "        6.40472071e+01, 1.55974448e+02, 5.93954630e+01, 3.68828214e+02,\n",
       "        3.40247547e+01, 5.94493512e+01, 2.27297944e+02, 2.26911631e+02],\n",
       "       [2.10815623e+02, 1.62789856e+02, 8.93203433e+01, 8.35657024e+01,\n",
       "        1.76772771e+02, 1.75166330e+02, 1.83532579e+02, 1.86466173e+02,\n",
       "        2.53927508e+02, 1.59788514e+02, 1.66400533e+02, 0.00000000e+00,\n",
       "        1.11799052e+02, 5.14049048e+01, 1.38162058e+02, 2.14532744e+02,\n",
       "        1.61426687e+02, 1.15496301e+02, 7.37672713e+01, 7.34471436e+01],\n",
       "       [1.02907702e+02, 6.63867390e+01, 2.46186434e+01, 3.08882254e+01,\n",
       "        6.52130838e+01, 6.64560977e+01, 2.76878987e+02, 8.05336102e+01,\n",
       "        3.63985226e+02, 4.83924746e+01, 6.40472071e+01, 1.11799052e+02,\n",
       "        0.00000000e+00, 1.17692238e+02, 2.91589888e+01, 3.05665746e+02,\n",
       "        4.99223735e+01, 4.60099106e+00, 1.80700906e+02, 1.80331985e+02],\n",
       "       [2.01933245e+02, 1.80369367e+02, 9.31642815e+01, 9.88628323e+01,\n",
       "        1.80470802e+02, 1.69619055e+02, 2.24618361e+02, 1.77052650e+02,\n",
       "        2.74665458e+02, 1.59912066e+02, 1.55974448e+02, 5.14049048e+01,\n",
       "        1.17692238e+02, 0.00000000e+00, 1.46827226e+02, 2.55926825e+02,\n",
       "        1.61786427e+02, 1.19854900e+02, 7.37289715e+01, 7.33432077e+01],\n",
       "       [8.71648715e+01, 4.06583418e+01, 5.36788252e+01, 5.46877451e+01,\n",
       "        3.97540710e+01, 5.28890386e+01, 2.94700430e+02, 6.91653474e+01,\n",
       "        3.87737905e+02, 3.07148865e+01, 5.93954630e+01, 1.38162058e+02,\n",
       "        2.91589888e+01, 1.46827226e+02, 0.00000000e+00, 3.22434149e+02,\n",
       "        3.13287692e+01, 2.75741047e+01, 2.08670047e+02, 2.08306588e+02],\n",
       "       [4.08013367e+02, 3.25451442e+02, 2.90497961e+02, 2.75136821e+02,\n",
       "        3.61050168e+02, 3.71750894e+02, 3.13084667e+01, 3.86199354e+02,\n",
       "        1.31383448e+02, 3.51548125e+02, 3.68828214e+02, 2.14532744e+02,\n",
       "        3.05665746e+02, 2.55926825e+02, 3.22434149e+02, 0.00000000e+00,\n",
       "        3.52647039e+02, 3.10217604e+02, 2.01821033e+02, 2.02038840e+02],\n",
       "       [5.59395557e+01, 5.75401895e+01, 7.24674123e+01, 8.03205247e+01,\n",
       "        2.04494651e+01, 2.20877148e+01, 3.24521336e+02, 3.85359927e+01,\n",
       "        4.13901551e+02, 1.92631362e+00, 3.40247547e+01, 1.61426687e+02,\n",
       "        4.99223735e+01, 1.61786427e+02, 3.13287692e+01, 3.52647039e+02,\n",
       "        0.00000000e+00, 4.59837772e+01, 2.28673636e+02, 2.28297343e+02],\n",
       "       [9.84784968e+01, 6.63017141e+01, 2.73015212e+01, 3.53191139e+01,\n",
       "        6.19508719e+01, 6.20260983e+01, 2.81398777e+02, 7.59856730e+01,\n",
       "        3.68024462e+02, 4.43978730e+01, 5.94493512e+01, 1.15496301e+02,\n",
       "        4.60099106e+00, 1.19854900e+02, 2.75741047e+01, 3.10217604e+02,\n",
       "        4.59837772e+01, 0.00000000e+00, 1.83819589e+02, 1.83448484e+02],\n",
       "       [2.73143065e+02, 2.35965890e+02, 1.56578099e+02, 1.55081585e+02,\n",
       "        2.45768896e+02, 2.39315237e+02, 1.71413278e+02, 2.48249144e+02,\n",
       "        2.02025452e+02, 2.26895269e+02, 2.27297944e+02, 7.37672713e+01,\n",
       "        1.80700906e+02, 7.37289715e+01, 2.08670047e+02, 2.01821033e+02,\n",
       "        2.28673636e+02, 1.83819589e+02, 0.00000000e+00, 3.88217573e-01],\n",
       "       [2.72757299e+02, 2.35624283e+02, 1.56205805e+02, 1.54727094e+02,\n",
       "        2.45397547e+02, 2.38932333e+02, 1.71618084e+02, 2.47863226e+02,\n",
       "        2.02394828e+02, 2.26518668e+02, 2.26911631e+02, 7.34471436e+01,\n",
       "        1.80331985e+02, 7.33432077e+01, 2.08306588e+02, 2.02038840e+02,\n",
       "        2.28297343e+02, 1.83448484e+02, 3.88217573e-01, 0.00000000e+00]])"
      ]
     },
     "execution_count": 111,
     "metadata": {},
     "output_type": "execute_result"
    }
   ],
   "source": [
    "## pass pairwise function to get the distance / multiply for 6373 as earth sperical radius is 6373kms\n",
    "\n",
    "dist.pairwise(ct [['lat','lng']].to_numpy())*6373"
   ]
  },
  {
   "cell_type": "code",
   "execution_count": 112,
   "metadata": {
    "scrolled": false
   },
   "outputs": [],
   "source": [
    "## create the distance matrix with cities in the indexes\n",
    "distance = pd.DataFrame(dist.pairwise(ct[['lat','lng']].to_numpy())*6373, columns = ct['ID'], index = ct['ID'])\n"
   ]
  },
  {
   "cell_type": "code",
   "execution_count": 113,
   "metadata": {},
   "outputs": [
    {
     "data": {
      "text/html": [
       "<div>\n",
       "<style scoped>\n",
       "    .dataframe tbody tr th:only-of-type {\n",
       "        vertical-align: middle;\n",
       "    }\n",
       "\n",
       "    .dataframe tbody tr th {\n",
       "        vertical-align: top;\n",
       "    }\n",
       "\n",
       "    .dataframe thead th {\n",
       "        text-align: right;\n",
       "    }\n",
       "</style>\n",
       "<table border=\"1\" class=\"dataframe\">\n",
       "  <thead>\n",
       "    <tr style=\"text-align: right;\">\n",
       "      <th></th>\n",
       "      <th>city</th>\n",
       "      <th>lat</th>\n",
       "      <th>lng</th>\n",
       "      <th>iso3</th>\n",
       "      <th>population</th>\n",
       "      <th>ID</th>\n",
       "    </tr>\n",
       "  </thead>\n",
       "  <tbody>\n",
       "    <tr>\n",
       "      <th>19</th>\n",
       "      <td>London</td>\n",
       "      <td>0.01569</td>\n",
       "      <td>-0.000039</td>\n",
       "      <td>GBR</td>\n",
       "      <td>10979000</td>\n",
       "      <td>LondonGB</td>\n",
       "    </tr>\n",
       "  </tbody>\n",
       "</table>\n",
       "</div>"
      ],
      "text/plain": [
       "      city      lat       lng iso3  population        ID\n",
       "19  London  0.01569 -0.000039  GBR    10979000  LondonGB"
      ]
     },
     "execution_count": 113,
     "metadata": {},
     "output_type": "execute_result"
    }
   ],
   "source": [
    "## identify 'London' ID \n",
    "ct.loc[(ct['city'] == 'London') & (ct['iso3'] == 'GBR')]"
   ]
  },
  {
   "cell_type": "code",
   "execution_count": 114,
   "metadata": {},
   "outputs": [],
   "source": [
    "## get starting line from distance matrix\n",
    "distance.loc[['LondonGB']]\n",
    "from pandas import DataFrame\n"
   ]
  },
  {
   "cell_type": "code",
   "execution_count": 115,
   "metadata": {},
   "outputs": [],
   "source": [
    "#create the graph \n",
    "graph = pd.DataFrame( np.zeros(shape=(len(ct),len(ct))) , columns = ct['ID'], index = ct['ID'])\n",
    "\n",
    "for i in distance :\n",
    "    graph[i] = distance[i]*direction[i]"
   ]
  },
  {
   "cell_type": "code",
   "execution_count": 116,
   "metadata": {},
   "outputs": [],
   "source": [
    "## popolare per criteri (più vicino +2, secondo più vicino +4, terzo più vicino +8, il resto 'no go')\n",
    "dis = graph.replace(0, 0)\n",
    "dis = dis.replace(dis.apply(lambda x: x[x > 0].min(axis=0)), 2)\n",
    "dis = dis.replace(dis.apply(lambda x: x[x > 2].min(axis=0)), 4)\n",
    "dis = dis.replace(dis.apply(lambda x: x[x > 4].min(axis=0)), 8)\n",
    "#dis = dis.replace(dis.apply(lambda x: x[x > 8]), 'no go')"
   ]
  },
  {
   "cell_type": "code",
   "execution_count": 118,
   "metadata": {},
   "outputs": [],
   "source": [
    "#parte messa solo perchè l'utima riga sopra non mi va \n",
    "dis = dis.where( (dis <= 8)  , 0  ) "
   ]
  },
  {
   "cell_type": "code",
   "execution_count": 119,
   "metadata": {},
   "outputs": [
    {
     "data": {
      "text/html": [
       "<div>\n",
       "<style scoped>\n",
       "    .dataframe tbody tr th:only-of-type {\n",
       "        vertical-align: middle;\n",
       "    }\n",
       "\n",
       "    .dataframe tbody tr th {\n",
       "        vertical-align: top;\n",
       "    }\n",
       "\n",
       "    .dataframe thead th {\n",
       "        text-align: right;\n",
       "    }\n",
       "</style>\n",
       "<table border=\"1\" class=\"dataframe\">\n",
       "  <thead>\n",
       "    <tr style=\"text-align: right;\">\n",
       "      <th>ID</th>\n",
       "      <th>TokyoJP</th>\n",
       "      <th>JakartaID</th>\n",
       "      <th>DelhiIN</th>\n",
       "      <th>MumbaiIN</th>\n",
       "      <th>ManilaPH</th>\n",
       "      <th>ShanghaiCN</th>\n",
       "      <th>São PauloBR</th>\n",
       "      <th>SeoulKR</th>\n",
       "      <th>Mexico CityMX</th>\n",
       "      <th>GuangzhouCN</th>\n",
       "      <th>BeijingCN</th>\n",
       "      <th>CairoEG</th>\n",
       "      <th>KolkātaIN</th>\n",
       "      <th>MoscowRU</th>\n",
       "      <th>BangkokTH</th>\n",
       "      <th>Buenos AiresAR</th>\n",
       "      <th>ShenzhenCN</th>\n",
       "      <th>DhakaBD</th>\n",
       "      <th>LondonGB</th>\n",
       "      <th>London_stGB</th>\n",
       "    </tr>\n",
       "    <tr>\n",
       "      <th>ID</th>\n",
       "      <th></th>\n",
       "      <th></th>\n",
       "      <th></th>\n",
       "      <th></th>\n",
       "      <th></th>\n",
       "      <th></th>\n",
       "      <th></th>\n",
       "      <th></th>\n",
       "      <th></th>\n",
       "      <th></th>\n",
       "      <th></th>\n",
       "      <th></th>\n",
       "      <th></th>\n",
       "      <th></th>\n",
       "      <th></th>\n",
       "      <th></th>\n",
       "      <th></th>\n",
       "      <th></th>\n",
       "      <th></th>\n",
       "      <th></th>\n",
       "    </tr>\n",
       "  </thead>\n",
       "  <tbody>\n",
       "    <tr>\n",
       "      <th>TokyoJP</th>\n",
       "      <td>NaN</td>\n",
       "      <td>NaN</td>\n",
       "      <td>NaN</td>\n",
       "      <td>NaN</td>\n",
       "      <td>NaN</td>\n",
       "      <td>NaN</td>\n",
       "      <td>NaN</td>\n",
       "      <td>8.0</td>\n",
       "      <td>NaN</td>\n",
       "      <td>NaN</td>\n",
       "      <td>NaN</td>\n",
       "      <td>NaN</td>\n",
       "      <td>NaN</td>\n",
       "      <td>NaN</td>\n",
       "      <td>NaN</td>\n",
       "      <td>NaN</td>\n",
       "      <td>NaN</td>\n",
       "      <td>NaN</td>\n",
       "      <td>NaN</td>\n",
       "      <td>NaN</td>\n",
       "    </tr>\n",
       "    <tr>\n",
       "      <th>JakartaID</th>\n",
       "      <td>NaN</td>\n",
       "      <td>NaN</td>\n",
       "      <td>NaN</td>\n",
       "      <td>NaN</td>\n",
       "      <td>NaN</td>\n",
       "      <td>NaN</td>\n",
       "      <td>NaN</td>\n",
       "      <td>NaN</td>\n",
       "      <td>NaN</td>\n",
       "      <td>NaN</td>\n",
       "      <td>NaN</td>\n",
       "      <td>NaN</td>\n",
       "      <td>NaN</td>\n",
       "      <td>NaN</td>\n",
       "      <td>NaN</td>\n",
       "      <td>NaN</td>\n",
       "      <td>NaN</td>\n",
       "      <td>NaN</td>\n",
       "      <td>NaN</td>\n",
       "      <td>NaN</td>\n",
       "    </tr>\n",
       "    <tr>\n",
       "      <th>DelhiIN</th>\n",
       "      <td>NaN</td>\n",
       "      <td>NaN</td>\n",
       "      <td>NaN</td>\n",
       "      <td>NaN</td>\n",
       "      <td>NaN</td>\n",
       "      <td>NaN</td>\n",
       "      <td>NaN</td>\n",
       "      <td>NaN</td>\n",
       "      <td>NaN</td>\n",
       "      <td>NaN</td>\n",
       "      <td>NaN</td>\n",
       "      <td>8.0</td>\n",
       "      <td>NaN</td>\n",
       "      <td>NaN</td>\n",
       "      <td>NaN</td>\n",
       "      <td>NaN</td>\n",
       "      <td>NaN</td>\n",
       "      <td>NaN</td>\n",
       "      <td>12.0</td>\n",
       "      <td>12.0</td>\n",
       "    </tr>\n",
       "    <tr>\n",
       "      <th>MumbaiIN</th>\n",
       "      <td>NaN</td>\n",
       "      <td>NaN</td>\n",
       "      <td>4.0</td>\n",
       "      <td>NaN</td>\n",
       "      <td>NaN</td>\n",
       "      <td>NaN</td>\n",
       "      <td>NaN</td>\n",
       "      <td>NaN</td>\n",
       "      <td>6.0</td>\n",
       "      <td>NaN</td>\n",
       "      <td>NaN</td>\n",
       "      <td>6.0</td>\n",
       "      <td>6.0</td>\n",
       "      <td>NaN</td>\n",
       "      <td>NaN</td>\n",
       "      <td>NaN</td>\n",
       "      <td>12.0</td>\n",
       "      <td>12.0</td>\n",
       "      <td>8.0</td>\n",
       "      <td>8.0</td>\n",
       "    </tr>\n",
       "    <tr>\n",
       "      <th>ManilaPH</th>\n",
       "      <td>8.0</td>\n",
       "      <td>8.0</td>\n",
       "      <td>NaN</td>\n",
       "      <td>8.0</td>\n",
       "      <td>NaN</td>\n",
       "      <td>12.0</td>\n",
       "      <td>NaN</td>\n",
       "      <td>NaN</td>\n",
       "      <td>12.0</td>\n",
       "      <td>8.0</td>\n",
       "      <td>NaN</td>\n",
       "      <td>NaN</td>\n",
       "      <td>NaN</td>\n",
       "      <td>NaN</td>\n",
       "      <td>NaN</td>\n",
       "      <td>NaN</td>\n",
       "      <td>6.0</td>\n",
       "      <td>NaN</td>\n",
       "      <td>NaN</td>\n",
       "      <td>NaN</td>\n",
       "    </tr>\n",
       "    <tr>\n",
       "      <th>ShanghaiCN</th>\n",
       "      <td>6.0</td>\n",
       "      <td>NaN</td>\n",
       "      <td>NaN</td>\n",
       "      <td>NaN</td>\n",
       "      <td>NaN</td>\n",
       "      <td>NaN</td>\n",
       "      <td>NaN</td>\n",
       "      <td>6.0</td>\n",
       "      <td>NaN</td>\n",
       "      <td>NaN</td>\n",
       "      <td>4.0</td>\n",
       "      <td>NaN</td>\n",
       "      <td>NaN</td>\n",
       "      <td>NaN</td>\n",
       "      <td>NaN</td>\n",
       "      <td>NaN</td>\n",
       "      <td>NaN</td>\n",
       "      <td>NaN</td>\n",
       "      <td>NaN</td>\n",
       "      <td>NaN</td>\n",
       "    </tr>\n",
       "    <tr>\n",
       "      <th>São PauloBR</th>\n",
       "      <td>NaN</td>\n",
       "      <td>NaN</td>\n",
       "      <td>NaN</td>\n",
       "      <td>NaN</td>\n",
       "      <td>NaN</td>\n",
       "      <td>NaN</td>\n",
       "      <td>NaN</td>\n",
       "      <td>NaN</td>\n",
       "      <td>NaN</td>\n",
       "      <td>NaN</td>\n",
       "      <td>NaN</td>\n",
       "      <td>NaN</td>\n",
       "      <td>NaN</td>\n",
       "      <td>NaN</td>\n",
       "      <td>NaN</td>\n",
       "      <td>NaN</td>\n",
       "      <td>NaN</td>\n",
       "      <td>NaN</td>\n",
       "      <td>NaN</td>\n",
       "      <td>NaN</td>\n",
       "    </tr>\n",
       "    <tr>\n",
       "      <th>SeoulKR</th>\n",
       "      <td>NaN</td>\n",
       "      <td>NaN</td>\n",
       "      <td>NaN</td>\n",
       "      <td>NaN</td>\n",
       "      <td>NaN</td>\n",
       "      <td>NaN</td>\n",
       "      <td>NaN</td>\n",
       "      <td>NaN</td>\n",
       "      <td>NaN</td>\n",
       "      <td>NaN</td>\n",
       "      <td>8.0</td>\n",
       "      <td>NaN</td>\n",
       "      <td>NaN</td>\n",
       "      <td>NaN</td>\n",
       "      <td>NaN</td>\n",
       "      <td>NaN</td>\n",
       "      <td>NaN</td>\n",
       "      <td>NaN</td>\n",
       "      <td>NaN</td>\n",
       "      <td>NaN</td>\n",
       "    </tr>\n",
       "    <tr>\n",
       "      <th>Mexico CityMX</th>\n",
       "      <td>NaN</td>\n",
       "      <td>NaN</td>\n",
       "      <td>NaN</td>\n",
       "      <td>NaN</td>\n",
       "      <td>NaN</td>\n",
       "      <td>NaN</td>\n",
       "      <td>8.0</td>\n",
       "      <td>NaN</td>\n",
       "      <td>NaN</td>\n",
       "      <td>NaN</td>\n",
       "      <td>NaN</td>\n",
       "      <td>NaN</td>\n",
       "      <td>NaN</td>\n",
       "      <td>NaN</td>\n",
       "      <td>NaN</td>\n",
       "      <td>6.0</td>\n",
       "      <td>NaN</td>\n",
       "      <td>NaN</td>\n",
       "      <td>NaN</td>\n",
       "      <td>NaN</td>\n",
       "    </tr>\n",
       "    <tr>\n",
       "      <th>GuangzhouCN</th>\n",
       "      <td>NaN</td>\n",
       "      <td>NaN</td>\n",
       "      <td>NaN</td>\n",
       "      <td>NaN</td>\n",
       "      <td>NaN</td>\n",
       "      <td>6.0</td>\n",
       "      <td>NaN</td>\n",
       "      <td>NaN</td>\n",
       "      <td>NaN</td>\n",
       "      <td>NaN</td>\n",
       "      <td>10.0</td>\n",
       "      <td>NaN</td>\n",
       "      <td>NaN</td>\n",
       "      <td>NaN</td>\n",
       "      <td>NaN</td>\n",
       "      <td>NaN</td>\n",
       "      <td>NaN</td>\n",
       "      <td>NaN</td>\n",
       "      <td>NaN</td>\n",
       "      <td>NaN</td>\n",
       "    </tr>\n",
       "    <tr>\n",
       "      <th>BeijingCN</th>\n",
       "      <td>NaN</td>\n",
       "      <td>NaN</td>\n",
       "      <td>NaN</td>\n",
       "      <td>NaN</td>\n",
       "      <td>NaN</td>\n",
       "      <td>NaN</td>\n",
       "      <td>NaN</td>\n",
       "      <td>NaN</td>\n",
       "      <td>NaN</td>\n",
       "      <td>NaN</td>\n",
       "      <td>NaN</td>\n",
       "      <td>NaN</td>\n",
       "      <td>NaN</td>\n",
       "      <td>NaN</td>\n",
       "      <td>NaN</td>\n",
       "      <td>NaN</td>\n",
       "      <td>NaN</td>\n",
       "      <td>NaN</td>\n",
       "      <td>NaN</td>\n",
       "      <td>NaN</td>\n",
       "    </tr>\n",
       "    <tr>\n",
       "      <th>CairoEG</th>\n",
       "      <td>NaN</td>\n",
       "      <td>NaN</td>\n",
       "      <td>NaN</td>\n",
       "      <td>NaN</td>\n",
       "      <td>NaN</td>\n",
       "      <td>NaN</td>\n",
       "      <td>NaN</td>\n",
       "      <td>NaN</td>\n",
       "      <td>NaN</td>\n",
       "      <td>NaN</td>\n",
       "      <td>NaN</td>\n",
       "      <td>NaN</td>\n",
       "      <td>NaN</td>\n",
       "      <td>6.0</td>\n",
       "      <td>NaN</td>\n",
       "      <td>NaN</td>\n",
       "      <td>NaN</td>\n",
       "      <td>NaN</td>\n",
       "      <td>6.0</td>\n",
       "      <td>6.0</td>\n",
       "    </tr>\n",
       "    <tr>\n",
       "      <th>KolkātaIN</th>\n",
       "      <td>NaN</td>\n",
       "      <td>NaN</td>\n",
       "      <td>6.0</td>\n",
       "      <td>NaN</td>\n",
       "      <td>NaN</td>\n",
       "      <td>NaN</td>\n",
       "      <td>NaN</td>\n",
       "      <td>NaN</td>\n",
       "      <td>NaN</td>\n",
       "      <td>NaN</td>\n",
       "      <td>NaN</td>\n",
       "      <td>12.0</td>\n",
       "      <td>NaN</td>\n",
       "      <td>NaN</td>\n",
       "      <td>NaN</td>\n",
       "      <td>NaN</td>\n",
       "      <td>NaN</td>\n",
       "      <td>6.0</td>\n",
       "      <td>NaN</td>\n",
       "      <td>NaN</td>\n",
       "    </tr>\n",
       "    <tr>\n",
       "      <th>MoscowRU</th>\n",
       "      <td>NaN</td>\n",
       "      <td>NaN</td>\n",
       "      <td>NaN</td>\n",
       "      <td>NaN</td>\n",
       "      <td>NaN</td>\n",
       "      <td>NaN</td>\n",
       "      <td>NaN</td>\n",
       "      <td>NaN</td>\n",
       "      <td>NaN</td>\n",
       "      <td>NaN</td>\n",
       "      <td>NaN</td>\n",
       "      <td>NaN</td>\n",
       "      <td>NaN</td>\n",
       "      <td>NaN</td>\n",
       "      <td>NaN</td>\n",
       "      <td>NaN</td>\n",
       "      <td>NaN</td>\n",
       "      <td>NaN</td>\n",
       "      <td>NaN</td>\n",
       "      <td>NaN</td>\n",
       "    </tr>\n",
       "    <tr>\n",
       "      <th>BangkokTH</th>\n",
       "      <td>NaN</td>\n",
       "      <td>6.0</td>\n",
       "      <td>NaN</td>\n",
       "      <td>6.0</td>\n",
       "      <td>6.0</td>\n",
       "      <td>NaN</td>\n",
       "      <td>NaN</td>\n",
       "      <td>NaN</td>\n",
       "      <td>8.0</td>\n",
       "      <td>12.0</td>\n",
       "      <td>NaN</td>\n",
       "      <td>NaN</td>\n",
       "      <td>6.0</td>\n",
       "      <td>NaN</td>\n",
       "      <td>NaN</td>\n",
       "      <td>NaN</td>\n",
       "      <td>8.0</td>\n",
       "      <td>8.0</td>\n",
       "      <td>NaN</td>\n",
       "      <td>NaN</td>\n",
       "    </tr>\n",
       "    <tr>\n",
       "      <th>Buenos AiresAR</th>\n",
       "      <td>NaN</td>\n",
       "      <td>NaN</td>\n",
       "      <td>NaN</td>\n",
       "      <td>NaN</td>\n",
       "      <td>NaN</td>\n",
       "      <td>NaN</td>\n",
       "      <td>6.0</td>\n",
       "      <td>NaN</td>\n",
       "      <td>NaN</td>\n",
       "      <td>NaN</td>\n",
       "      <td>NaN</td>\n",
       "      <td>NaN</td>\n",
       "      <td>NaN</td>\n",
       "      <td>NaN</td>\n",
       "      <td>NaN</td>\n",
       "      <td>NaN</td>\n",
       "      <td>NaN</td>\n",
       "      <td>NaN</td>\n",
       "      <td>NaN</td>\n",
       "      <td>NaN</td>\n",
       "    </tr>\n",
       "    <tr>\n",
       "      <th>ShenzhenCN</th>\n",
       "      <td>12.0</td>\n",
       "      <td>12.0</td>\n",
       "      <td>NaN</td>\n",
       "      <td>NaN</td>\n",
       "      <td>NaN</td>\n",
       "      <td>4.0</td>\n",
       "      <td>NaN</td>\n",
       "      <td>12.0</td>\n",
       "      <td>NaN</td>\n",
       "      <td>4.0</td>\n",
       "      <td>NaN</td>\n",
       "      <td>NaN</td>\n",
       "      <td>12.0</td>\n",
       "      <td>NaN</td>\n",
       "      <td>NaN</td>\n",
       "      <td>NaN</td>\n",
       "      <td>NaN</td>\n",
       "      <td>NaN</td>\n",
       "      <td>NaN</td>\n",
       "      <td>NaN</td>\n",
       "    </tr>\n",
       "    <tr>\n",
       "      <th>DhakaBD</th>\n",
       "      <td>NaN</td>\n",
       "      <td>NaN</td>\n",
       "      <td>12.0</td>\n",
       "      <td>NaN</td>\n",
       "      <td>NaN</td>\n",
       "      <td>NaN</td>\n",
       "      <td>NaN</td>\n",
       "      <td>NaN</td>\n",
       "      <td>NaN</td>\n",
       "      <td>NaN</td>\n",
       "      <td>NaN</td>\n",
       "      <td>NaN</td>\n",
       "      <td>NaN</td>\n",
       "      <td>NaN</td>\n",
       "      <td>NaN</td>\n",
       "      <td>NaN</td>\n",
       "      <td>NaN</td>\n",
       "      <td>NaN</td>\n",
       "      <td>NaN</td>\n",
       "      <td>NaN</td>\n",
       "    </tr>\n",
       "    <tr>\n",
       "      <th>LondonGB</th>\n",
       "      <td>NaN</td>\n",
       "      <td>NaN</td>\n",
       "      <td>NaN</td>\n",
       "      <td>NaN</td>\n",
       "      <td>NaN</td>\n",
       "      <td>NaN</td>\n",
       "      <td>12.0</td>\n",
       "      <td>NaN</td>\n",
       "      <td>NaN</td>\n",
       "      <td>NaN</td>\n",
       "      <td>NaN</td>\n",
       "      <td>NaN</td>\n",
       "      <td>NaN</td>\n",
       "      <td>12.0</td>\n",
       "      <td>NaN</td>\n",
       "      <td>8.0</td>\n",
       "      <td>NaN</td>\n",
       "      <td>NaN</td>\n",
       "      <td>NaN</td>\n",
       "      <td>NaN</td>\n",
       "    </tr>\n",
       "    <tr>\n",
       "      <th>London_stGB</th>\n",
       "      <td>NaN</td>\n",
       "      <td>NaN</td>\n",
       "      <td>NaN</td>\n",
       "      <td>NaN</td>\n",
       "      <td>NaN</td>\n",
       "      <td>NaN</td>\n",
       "      <td>NaN</td>\n",
       "      <td>NaN</td>\n",
       "      <td>NaN</td>\n",
       "      <td>NaN</td>\n",
       "      <td>NaN</td>\n",
       "      <td>NaN</td>\n",
       "      <td>NaN</td>\n",
       "      <td>8.0</td>\n",
       "      <td>NaN</td>\n",
       "      <td>12.0</td>\n",
       "      <td>NaN</td>\n",
       "      <td>NaN</td>\n",
       "      <td>NaN</td>\n",
       "      <td>NaN</td>\n",
       "    </tr>\n",
       "  </tbody>\n",
       "</table>\n",
       "</div>"
      ],
      "text/plain": [
       "ID              TokyoJP  JakartaID  DelhiIN  MumbaiIN  ManilaPH  ShanghaiCN  \\\n",
       "ID                                                                            \n",
       "TokyoJP             NaN        NaN      NaN       NaN       NaN         NaN   \n",
       "JakartaID           NaN        NaN      NaN       NaN       NaN         NaN   \n",
       "DelhiIN             NaN        NaN      NaN       NaN       NaN         NaN   \n",
       "MumbaiIN            NaN        NaN      4.0       NaN       NaN         NaN   \n",
       "ManilaPH            8.0        8.0      NaN       8.0       NaN        12.0   \n",
       "ShanghaiCN          6.0        NaN      NaN       NaN       NaN         NaN   \n",
       "São PauloBR         NaN        NaN      NaN       NaN       NaN         NaN   \n",
       "SeoulKR             NaN        NaN      NaN       NaN       NaN         NaN   \n",
       "Mexico CityMX       NaN        NaN      NaN       NaN       NaN         NaN   \n",
       "GuangzhouCN         NaN        NaN      NaN       NaN       NaN         6.0   \n",
       "BeijingCN           NaN        NaN      NaN       NaN       NaN         NaN   \n",
       "CairoEG             NaN        NaN      NaN       NaN       NaN         NaN   \n",
       "KolkātaIN           NaN        NaN      6.0       NaN       NaN         NaN   \n",
       "MoscowRU            NaN        NaN      NaN       NaN       NaN         NaN   \n",
       "BangkokTH           NaN        6.0      NaN       6.0       6.0         NaN   \n",
       "Buenos AiresAR      NaN        NaN      NaN       NaN       NaN         NaN   \n",
       "ShenzhenCN         12.0       12.0      NaN       NaN       NaN         4.0   \n",
       "DhakaBD             NaN        NaN     12.0       NaN       NaN         NaN   \n",
       "LondonGB            NaN        NaN      NaN       NaN       NaN         NaN   \n",
       "London_stGB         NaN        NaN      NaN       NaN       NaN         NaN   \n",
       "\n",
       "ID              São PauloBR  SeoulKR  Mexico CityMX  GuangzhouCN  BeijingCN  \\\n",
       "ID                                                                            \n",
       "TokyoJP                 NaN      8.0            NaN          NaN        NaN   \n",
       "JakartaID               NaN      NaN            NaN          NaN        NaN   \n",
       "DelhiIN                 NaN      NaN            NaN          NaN        NaN   \n",
       "MumbaiIN                NaN      NaN            6.0          NaN        NaN   \n",
       "ManilaPH                NaN      NaN           12.0          8.0        NaN   \n",
       "ShanghaiCN              NaN      6.0            NaN          NaN        4.0   \n",
       "São PauloBR             NaN      NaN            NaN          NaN        NaN   \n",
       "SeoulKR                 NaN      NaN            NaN          NaN        8.0   \n",
       "Mexico CityMX           8.0      NaN            NaN          NaN        NaN   \n",
       "GuangzhouCN             NaN      NaN            NaN          NaN       10.0   \n",
       "BeijingCN               NaN      NaN            NaN          NaN        NaN   \n",
       "CairoEG                 NaN      NaN            NaN          NaN        NaN   \n",
       "KolkātaIN               NaN      NaN            NaN          NaN        NaN   \n",
       "MoscowRU                NaN      NaN            NaN          NaN        NaN   \n",
       "BangkokTH               NaN      NaN            8.0         12.0        NaN   \n",
       "Buenos AiresAR          6.0      NaN            NaN          NaN        NaN   \n",
       "ShenzhenCN              NaN     12.0            NaN          4.0        NaN   \n",
       "DhakaBD                 NaN      NaN            NaN          NaN        NaN   \n",
       "LondonGB               12.0      NaN            NaN          NaN        NaN   \n",
       "London_stGB             NaN      NaN            NaN          NaN        NaN   \n",
       "\n",
       "ID              CairoEG  KolkātaIN  MoscowRU  BangkokTH  Buenos AiresAR  \\\n",
       "ID                                                                        \n",
       "TokyoJP             NaN        NaN       NaN        NaN             NaN   \n",
       "JakartaID           NaN        NaN       NaN        NaN             NaN   \n",
       "DelhiIN             8.0        NaN       NaN        NaN             NaN   \n",
       "MumbaiIN            6.0        6.0       NaN        NaN             NaN   \n",
       "ManilaPH            NaN        NaN       NaN        NaN             NaN   \n",
       "ShanghaiCN          NaN        NaN       NaN        NaN             NaN   \n",
       "São PauloBR         NaN        NaN       NaN        NaN             NaN   \n",
       "SeoulKR             NaN        NaN       NaN        NaN             NaN   \n",
       "Mexico CityMX       NaN        NaN       NaN        NaN             6.0   \n",
       "GuangzhouCN         NaN        NaN       NaN        NaN             NaN   \n",
       "BeijingCN           NaN        NaN       NaN        NaN             NaN   \n",
       "CairoEG             NaN        NaN       6.0        NaN             NaN   \n",
       "KolkātaIN          12.0        NaN       NaN        NaN             NaN   \n",
       "MoscowRU            NaN        NaN       NaN        NaN             NaN   \n",
       "BangkokTH           NaN        6.0       NaN        NaN             NaN   \n",
       "Buenos AiresAR      NaN        NaN       NaN        NaN             NaN   \n",
       "ShenzhenCN          NaN       12.0       NaN        NaN             NaN   \n",
       "DhakaBD             NaN        NaN       NaN        NaN             NaN   \n",
       "LondonGB            NaN        NaN      12.0        NaN             8.0   \n",
       "London_stGB         NaN        NaN       8.0        NaN            12.0   \n",
       "\n",
       "ID              ShenzhenCN  DhakaBD  LondonGB  London_stGB  \n",
       "ID                                                          \n",
       "TokyoJP                NaN      NaN       NaN          NaN  \n",
       "JakartaID              NaN      NaN       NaN          NaN  \n",
       "DelhiIN                NaN      NaN      12.0         12.0  \n",
       "MumbaiIN              12.0     12.0       8.0          8.0  \n",
       "ManilaPH               6.0      NaN       NaN          NaN  \n",
       "ShanghaiCN             NaN      NaN       NaN          NaN  \n",
       "São PauloBR            NaN      NaN       NaN          NaN  \n",
